"","Id","ActivityDate","TotalSteps","TotalDistance","TrackerDistance","LoggedActivitiesDistance","VeryActiveDistance","ModeratelyActiveDistance","LightActiveDistance","SedentaryActiveDistance","VeryActiveMinutes","FairlyActiveMinutes","LightlyActiveMinutes","SedentaryMinutes","Calories","WeightKg","WeightPounds","Fat","BMI","IsManualReport","LogId"
"1",1503960366,"04/05/2020",14844,9.72999954223633,9.72999954223633,0,2.94000005722046,0.759999990463257,6.03999996185303,0,36,18,341,736,2083,53.2999992370605,117.506384062611,22,22.9699993133545,TRUE,1459900799000
"2",1503960366,"05/02/2020",14727,9.71000003814697,9.71000003814697,0,3.21000003814697,0.569999992847443,5.92000007629395,0,41,15,277,798,2004,52.5999984741211,115.963146545323,22,22.6499996185303,TRUE,1462233599000
"3",1503960366,"05/03/2020",15103,9.65999984741211,9.65999984741211,0,3.73000001907349,1.04999995231628,4.88000011444092,0,50,24,254,816,1990,52.5999984741211,115.963146545323,NA,22.6499996185303,TRUE,1462319999000
"4",1927972279,"04/10/2020",2105,1.46000003814697,1.46000003814697,0,0,0,1.46000003814697,0,0,0,139,805,2442,129.600006103516,285.719105247709,NA,46.1699981689453,FALSE,1460313206000
"5",1927972279,"04/13/2020",356,0.25,0.25,0,0,0,0.25,0,0,0,32,986,2151,133.5,294.317120016975,NA,47.5400009155273,FALSE,1460509732000
"6",2347167796,"04/03/2020",7485,4.94999980926514,4.94999980926514,0,0,0,4.94999980926514,0,0,0,324,491,2035,63.4000015258789,139.773077589277,10,24.7700004577637,TRUE,1459727999000
"7",2873212765,"04/06/2020",7350,4.94000005722046,4.94000005722046,0,0,0,4.94000005722046,0,0,0,382,1058,1910,56.7000007629395,125.002104340889,NA,21.4500007629395,TRUE,1459987199000
"8",2873212765,"04/07/2020",9353,6.30999994277954,6.30999994277954,0,0.370000004768372,0.689999997615814,5.23999977111816,0,5,17,363,1055,2035,57.2000007629395,126.104415651814,NA,21.6499996185303,TRUE,1460073599000
"9",2873212765,"04/21/2020",8859,5.98000001907349,5.98000001907349,0,0.129999995231628,0.370000004768372,5.46999979019165,0.00999999977648258,2,10,371,1057,1970,56.7000007629395,125.002104340889,NA,21.4500007629395,TRUE,1461283199000
"10",2873212765,"05/12/2020",7566,5.1100001335144,5.1100001335144,0,0,0,5.1100001335144,0,0,0,268,720,1431,57.2999992370605,126.324874550011,NA,21.6900005340576,TRUE,1463097599000
"11",2891001357,"04/05/2020",2063,1.61000001430511,0,1.60934400558472,0,0,1.61000001430511,0,0,0,630,99,1144,88.4000015258789,194.888643135527,NA,25.0300006866455,TRUE,1459900799000
"12",4319703577,"04/17/2020",29,0.0199999995529652,0.0199999995529652,0,0,0,0.0199999995529652,0,0,0,3,1363,1464,72.4000015258789,159.614681185927,25,27.4500007629395,TRUE,1460937599000
"13",4319703577,"05/04/2020",10429,7.01999998092651,7.01999998092651,0,0.589999973773956,0.579999983310699,5.84999990463257,0,8,13,313,1106,2282,72.3000030517578,159.394222287729,NA,27.3799991607666,TRUE,1462406399000
"14",4445114986,"03/30/2020",2600,1.74000000953674,1.74000000953674,0,0,0,1.74000000953674,0,0,0,163,1277,2032,92.4000015258789,203.707133622927,NA,35.0099983215332,TRUE,1459382399000
"15",4558609924,"04/08/2020",4195,2.76999998092651,2.76999998092651,0,0,0,2.76999998092651,0,0,0,241,1199,1778,69.4000015258789,153.000813320377,NA,27.1399993896484,TRUE,1460159999000
"16",4558609924,"04/18/2020",8940,5.90999984741211,5.90999984741211,0,0.980000019073486,0.930000007152557,4,0,14,15,331,1080,2116,69.6999969482422,153.662190014971,NA,27.25,TRUE,1461023999000
"17",4558609924,"04/25/2020",8095,5.34999990463257,5.34999990463257,0,0.589999973773956,0.25,4.51000022888184,0,18,10,340,993,2225,70.3000030517578,154.984977044029,NA,27.4599990844727,TRUE,1461628799000
"18",4558609924,"05/01/2020",3428,2.26999998092651,2.26999998092651,0,0,0,2.26999998092651,0,0,0,190,1121,1692,69.9000015258789,154.103124631302,NA,27.3199996948242,TRUE,1462147199000
"19",4558609924,"05/02/2020",7891,5.21999979019165,5.21999979019165,0,0,0,5.21999979019165,0,0,0,383,1057,2066,69.1999969482422,152.559878704046,NA,27.0400009155273,TRUE,1462233599000
"20",4558609924,"05/09/2020",11451,7.57000017166138,7.57000017166138,0,0.430000007152557,1.62000000476837,5.51999998092651,0,6,30,339,1065,2223,69.0999984741211,152.339419805848,NA,27,TRUE,1462838399000
"21",4702921684,"04/04/2020",7810,6.3600001335144,6.3600001335144,0,0.479999989271164,1.20000004768372,4.67999982833862,0,6,27,216,746,2931,99.6999969482422,219.800868670471,NA,26.1100006103516,TRUE,1459814399000
"22",5577150313,"04/17/2020",12231,9.14000034332275,9.14000034332275,0,5.98000001907349,0.829999983310699,2.3199999332428,0,200,37,159,525,4552,90.6999969482422,199.959265073821,NA,28,FALSE,1460884675000
"23",6962181067,"03/30/2020",15491,10.2399997711182,10.2399997711182,0,1.28999996185303,4.48999977111816,4.46000003814697,0,18,77,272,641,2244,61.5,135.584291243775,NA,24.0300006866455,TRUE,1459382399000
"24",6962181067,"03/31/2020",14097,9.31999969482422,9.31999969482422,0,3.5,1.91999995708466,3.90000009536743,0,50,32,234,595,2188,61.5,135.584291243775,NA,24.0300006866455,TRUE,1459468799000
"25",6962181067,"04/01/2020",10467,6.98000001907349,6.98000001907349,0,0.699999988079071,2.4300000667572,3.84999990463257,0,9,45,252,602,2014,60.9000015258789,134.261521034652,NA,23.7800006866455,TRUE,1459555199000
"26",6962181067,"04/02/2020",12437,8.30000019073486,8.30000019073486,0,3.75999999046326,1.28999996185303,3.24000000953674,0,50,24,219,732,2115,61.2000007629395,134.922906139214,NA,23.8899993896484,TRUE,1459641599000
"27",6962181067,"04/03/2020",12307,8.14000034332275,8.14000034332275,0,1.00999999046326,3.25999999046326,3.86999988555908,0,14,51,218,589,2055,61.5,135.584291243775,NA,24.0300006866455,TRUE,1459727999000
"28",6962181067,"04/04/2020",18952,12.8000001907349,12.8000001907349,0,5.90999984741211,1.23000001907349,5.65999984741211,0,73,20,327,570,2437,62.4000015258789,137.568454967427,NA,24.3500003814697,TRUE,1459814399000
"29",6962181067,"04/05/2020",12010,7.94000005722046,7.94000005722046,0,2.38000011444092,0.949999988079071,4.6100001335144,0,38,17,287,692,2158,61.7000007629395,136.025217450139,NA,24.1000003814697,TRUE,1459900799000
"30",6962181067,"04/06/2020",12480,8.85999965667725,8.25,3.97279500961304,4.17999982833862,0.689999997615814,4,0,55,14,276,593,2170,62.2000007629395,137.127528761064,NA,24.2800006866455,TRUE,1459987199000
"31",6962181067,"04/07/2020",13417,9.64999961853027,8.86999988555908,1.92630195617676,3.39000010490417,1.25,4.90999984741211,0.100000001490116,45,16,284,665,2244,62.2000007629395,137.127528761064,NA,24.2800006866455,TRUE,1460073599000
"32",6962181067,"04/08/2020",14400,10.8800001144409,9.52000045776367,5.45686388015747,2.47000002861023,2.88000011444092,5.53000020980835,0,27,37,276,697,2188,61.7000007629395,136.025217450139,NA,24.1000003814697,TRUE,1460159999000
"33",6962181067,"04/09/2020",12495,8.26000022888184,8.26000022888184,0,2.21000003814697,1.0900000333786,4.96000003814697,0,33,19,324,609,2231,62.0999984741211,136.907061452898,NA,24.2399997711182,TRUE,1460246399000
"34",6962181067,"04/10/2020",10148,6.71000003814697,6.71000003814697,0,1.36000001430511,0.219999998807907,5.13000011444092,0,19,7,306,679,2100,62.5,137.788913865625,NA,24.3899993896484,TRUE,1460332799000
"35",6962181067,"04/11/2020",12362,9.09000015258789,8.17000007629395,2.69645500183105,1.0900000333786,2.73000001907349,5.26999998092651,0,21,38,297,678,2188,62.2000007629395,137.127528761064,NA,24.2800006866455,TRUE,1460419199000
"36",6962181067,"04/12/2020",10199,6.73999977111816,6.73999977111816,0,3.40000009536743,0.829999983310699,2.50999999046326,0,50,14,189,796,1994,62.5,137.788913865625,NA,24.3899993896484,TRUE,1460505599000
"37",6962181067,"04/12/2020",5893,3.90000009536743,3.90000009536743,0,2.88000011444092,0.560000002384186,0.46000000834465,0,43,9,48,146,917,62.5,137.788913865625,NA,24.3899993896484,TRUE,1460505599000
"38",6962181067,"04/13/2020",5652,3.74000000953674,3.74000000953674,0,0.569999992847443,1.21000003814697,1.96000003814697,0,8,24,142,548,1718,62.0999984741211,136.907061452898,NA,24.2399997711182,TRUE,1460591999000
"39",6962181067,"04/14/2020",1551,1.02999997138977,1.02999997138977,0,0,0,1.02999997138977,0,0,0,86,862,1466,61.7000007629395,136.025217450139,NA,24.1000003814697,TRUE,1460678399000
"40",6962181067,"04/15/2020",5563,3.6800000667572,3.6800000667572,0,0,0,3.6800000667572,0,0,0,217,837,1756,61.5,135.584291243775,NA,24,TRUE,1460764799000
"41",6962181067,"04/16/2020",13217,8.73999977111816,8.73999977111816,0,3.66000008583069,0.189999997615814,4.88000011444092,0,50,3,280,741,2173,62,136.6866025547,NA,24.2099990844727,TRUE,1460851199000
"42",6962181067,"04/17/2020",10145,6.71000003814697,6.71000003814697,0,0.330000013113022,0.680000007152557,5.69000005722046,0,5,13,295,634,2027,61.4000015258789,135.363832345577,NA,23.9599990844727,TRUE,1460937599000
"43",6962181067,"04/18/2020",11404,7.53999996185303,7.53999996185303,0,0.829999983310699,2.39000010490417,4.32000017166138,0,13,42,238,689,2039,61.2000007629395,134.922906139214,NA,23.8899993896484,TRUE,1461023999000
"44",6962181067,"04/19/2020",10742,7.09999990463257,7.09999990463257,0,2.09999990463257,2.13000011444092,2.86999988555908,0,35,41,195,659,2046,61.4000015258789,135.363832345577,NA,23.9599990844727,TRUE,1461110399000
"45",6962181067,"04/20/2020",13928,9.55000019073486,9.55000019073486,0,4.28000020980835,0.189999997615814,5.09000015258789,0,48,4,297,639,2174,61.7000007629395,136.025217450139,NA,24.1000003814697,TRUE,1461196799000
"46",6962181067,"04/21/2020",11835,9.71000003814697,7.88000011444092,4.08169221878052,3.99000000953674,2.09999990463257,3.50999999046326,0.109999999403954,53,27,214,708,2179,61.4000015258789,135.363832345577,NA,23.9599990844727,TRUE,1461283199000
"47",6962181067,"04/22/2020",10725,7.09000015258789,7.09000015258789,0,1.76999998092651,1.54999995231628,3.76999998092651,0,30,33,240,659,2086,61.4000015258789,135.363832345577,NA,23.9599990844727,TRUE,1461369599000
"48",6962181067,"04/23/2020",20031,13.2399997711182,13.2399997711182,0,4.19999980926514,2,7.03999996185303,0,58,41,347,484,2571,61.5,135.584291243775,NA,24,TRUE,1461455999000
"49",6962181067,"04/24/2020",5029,3.3199999332428,3.3199999332428,0,0,0,3.3199999332428,0,0,0,199,720,1705,61.5,135.584291243775,NA,24,TRUE,1461542399000
"50",6962181067,"04/25/2020",13239,9.27000045776367,9.07999992370605,2.78517508506775,3.01999998092651,1.67999994754791,4.46000003814697,0.100000001490116,35,31,282,637,2194,61.7000007629395,136.025217450139,NA,24.1000003814697,TRUE,1461628799000
"51",6962181067,"04/27/2020",10320,6.82000017166138,6.82000017166138,0,0.550000011920929,2.01999998092651,4.25,0,7,38,279,697,2034,61.2000007629395,134.922906139214,NA,23.8899993896484,TRUE,1461801599000
"52",6962181067,"04/28/2020",12627,8.35000038146973,8.35000038146973,0,2.50999999046326,0.239999994635582,5.59000015258789,0,38,8,288,621,2182,61.2000007629395,134.922906139214,NA,23.8899993896484,TRUE,1461887999000
"53",6962181067,"04/29/2020",10762,7.1100001335144,7.1100001335144,0,0.819999992847443,0.479999989271164,5.80999994277954,0,12,15,369,645,2254,61.4000015258789,135.363832345577,NA,23.9599990844727,TRUE,1461974399000
"54",6962181067,"04/30/2020",10081,6.65999984741211,6.65999984741211,0,2.24000000953674,0.759999990463257,3.67000007629395,0,32,16,237,731,2002,61,134.48197993285,NA,23.8199996948242,TRUE,1462060799000
"55",6962181067,"05/01/2020",5454,3.60999989509583,3.60999989509583,0,0,0,3.60999989509583,0,0,0,215,722,1740,61.7000007629395,136.025217450139,NA,24.1000003814697,TRUE,1462147199000
"56",6962181067,"05/02/2020",12912,8.53999996185303,8.53999996185303,0,1.20000004768372,2,5.34000015258789,0,18,39,313,655,2162,61.5,135.584291243775,NA,24,TRUE,1462233599000
"57",6962181067,"05/03/2020",12109,8.11999988555908,8.11999988555908,0,1.74000000953674,2.03999996185303,4.32999992370605,0,21,36,267,654,2072,61,134.48197993285,NA,23.8199996948242,TRUE,1462319999000
"58",6962181067,"05/04/2020",10147,6.71000003814697,6.71000003814697,0,0.469999998807907,1.67999994754791,4.55000019073486,0,15,36,284,683,2086,61.0999984741211,134.702438831048,NA,23.8500003814697,TRUE,1462406399000
"59",6962181067,"05/05/2020",10524,6.96000003814697,6.96000003814697,0,0.990000009536743,1.1599999666214,4.80999994277954,0,14,22,305,591,2066,61.2999992370605,135.143365037411,NA,23.9300003051758,TRUE,1462492799000
"60",6962181067,"05/06/2020",5908,3.91000008583069,3.91000008583069,0,0,0,3.91000008583069,0,0,0,299,717,1850,61.5,135.584291243775,NA,24,TRUE,1462579199000
"61",6962181067,"05/07/2020",6815,4.5,4.5,0,0,0,4.5,0,0,0,328,745,1947,61.2000007629395,134.922906139214,NA,23.8899993896484,TRUE,1462665599000
"62",6962181067,"05/08/2020",4188,2.76999998092651,2.76999998092651,0,0,0.519999980926514,2.25,0,0,14,151,709,1659,61.2000007629395,134.922906139214,NA,23.8899993896484,TRUE,1462751999000
"63",6962181067,"05/09/2020",12342,8.72000026702881,8.68000030517578,3.16782188415527,3.90000009536743,1.17999994754791,3.65000009536743,0,43,21,231,607,2105,62.4000015258789,137.568454967427,NA,24.3500003814697,TRUE,1462838399000
"64",6962181067,"05/10/2020",15448,10.210000038147,10.210000038147,0,3.47000002861023,1.75,4.98999977111816,0,62,34,275,626,2361,62.0999984741211,136.907061452898,NA,24.2399997711182,TRUE,1462924799000
"65",6962181067,"05/11/2020",6722,4.44000005722046,4.44000005722046,0,1.49000000953674,0.310000002384186,2.65000009536743,0,24,7,199,709,1855,61.9000015258789,136.466143656502,NA,24.1700000762939,TRUE,1463011199000
"66",6962181067,"05/12/2020",3587,2.36999988555908,2.36999988555908,0,0,0.25,2.10999989509583,0,0,8,105,127,928,61.9000015258789,136.466143656502,NA,24.1700000762939,TRUE,1463097599000
"67",8253242879,"04/07/2020",5181,3.42000007629395,3.42000007629395,0,1,0.910000026226044,1.50999999046326,0.00999999977648258,15,15,107,1303,1776,75.5999984741211,166.669466847873,NA,29.5499992370605,TRUE,1460073599000
"68",8877689391,"04/01/2020",18700,15.8199996948242,15.8199996948242,0,8.69999980926514,0.159999996423721,6.90999984741211,0,67,3,247,1123,3527,85.5,188.495234168175,NA,25.6100006103516,FALSE,1459493380000
"69",8877689391,"04/04/2020",20779,18.4099998474121,18.4099998474121,0,11.7299995422363,0.649999976158142,6,0,78,16,208,1138,3662,86.5999984741211,190.920315688223,NA,25.9400005340576,FALSE,1459752823000
"70",8877689391,"04/05/2020",10695,8.11999988555908,8.11999988555908,0,0.769999980926514,0.180000007152557,7.09000015258789,0.00999999977648258,10,3,246,1181,2834,86,189.5975454791,NA,25.7600002288818,FALSE,1459838415000
"71",8877689391,"04/06/2020",24136,20.9099998474121,20.9099998474121,0,12.2200002670288,0.540000021457672,8.07999992370605,0,87,16,318,1019,4039,86.3000030517578,190.258938993629,NA,25.8299999237061,FALSE,1459925371000
"72",8877689391,"04/07/2020",10910,8.42000007629395,8.42000007629395,0,2.96000003814697,0.389999985694885,5.03000020980835,0,32,11,212,1185,2947,85.0999984741211,187.613381755448,NA,25.4899997711182,FALSE,1460009708000
"73",8877689391,"04/08/2020",23014,20.3899993896484,20.3899993896484,0,11.1000003814697,0.629999995231628,8.61999988555908,0,70,29,359,982,4196,85,187.39292285725,NA,25.4400005340576,FALSE,1460097584000
"74",8877689391,"04/09/2020",16470,8.06999969482422,8.06999969482422,0,0,0.0199999995529652,8.02000045776367,0,90,9,289,1052,3841,85.4000015258789,188.274775269977,NA,25.5599994659424,FALSE,1460189172000
"75",8877689391,"04/11/2020",10622,8.0600004196167,8.0600004196167,0,1.47000002861023,0.150000005960464,6.36999988555908,0.00999999977648258,18,7,225,1190,2820,86.0999984741211,189.818004377298,NA,25.7900009155273,FALSE,1460357889000
"76",8877689391,"04/12/2020",23186,20.3999996185303,20.3999996185303,0,12.2200002670288,0.340000003576279,7.82000017166138,0,85,7,312,1036,3921,85.8000030517578,189.156627682704,NA,25.6800003051758,FALSE,1460443631000
"77",8877689391,"04/12/2020",2350,1.77999997138977,1.77999997138977,0,0,0,1.77999997138977,0,0,0,58,531,938,85.8000030517578,189.156627682704,NA,25.6800003051758,FALSE,1460443631000
"78",8877689391,"04/13/2020",15337,9.57999992370605,9.57999992370605,0,3.54999995231628,0.379999995231628,5.6399998664856,0,108,18,216,1098,3566,84.9000015258789,187.172463959052,NA,25.4099998474121,FALSE,1460530500000
"79",8877689391,"04/14/2020",21129,18.9799995422363,18.9799995422363,0,10.5500001907349,0.589999973773956,7.75,0.0199999995529652,68,13,298,1061,3793,84.5,186.290611546325,NA,25.3099994659424,FALSE,1460616523000
"80",8877689391,"04/16/2020",29326,25.2900009155273,25.2900009155273,0,13.2399997711182,1.21000003814697,10.710000038147,0,94,29,429,888,4547,85.5,188.495234168175,NA,25.5900001525879,FALSE,1460813965000
"81",8877689391,"04/18/2020",11423,8.67000007629395,8.67000007629395,0,2.44000005722046,0.270000010728836,5.94000005722046,0,29,5,191,1215,2761,85.8000030517578,189.156627682704,NA,25.6800003051758,FALSE,1460962274000
"82",8877689391,"04/19/2020",18785,17.3999996185303,17.3999996185303,0,12.1499996185303,0.180000007152557,5.03000020980835,0,82,13,214,1131,3676,85.3000030517578,188.054316371779,NA,25.5300006866455,FALSE,1461047971000
"83",8877689391,"04/20/2020",19948,18.1100006103516,18.1100006103516,0,11.0200004577637,0.689999997615814,6.34000015258789,0,73,19,225,1123,3679,84.9000015258789,187.172463959052,NA,25.4099998474121,FALSE,1461134694000
"84",8877689391,"04/21/2020",19377,17.6200008392334,17.6200008392334,0,12.289999961853,0.419999986886978,4.8899998664856,0,82,13,226,1119,3659,84.5,186.290611546325,NA,25.2900009155273,FALSE,1461221427000
"85",8877689391,"04/23/2020",11200,7.42999982833862,7.42999982833862,0,0,0,7.40000009536743,0.00999999977648258,102,6,300,1032,3891,85.5,188.495234168175,NA,25.5900001525879,FALSE,1461396148000
"86",8877689391,"04/24/2020",16674,15.7399997711182,15.7399997711182,0,11.0100002288818,0.00999999977648258,4.69000005722046,0,64,1,227,1148,3455,85.5,188.495234168175,NA,25.5900001525879,FALSE,1461483485000
"87",8877689391,"04/25/2020",12986,8.73999977111816,8.73999977111816,0,2.36999988555908,0.0700000002980232,6.26999998092651,0.00999999977648258,113,8,218,1101,3802,85.4000015258789,188.274775269977,NA,25.5599994659424,FALSE,1461566416000
"88",8877689391,"04/26/2020",11101,8.43000030517578,8.43000030517578,0,1.75999999046326,0.129999995231628,6.5,0,22,3,258,1157,2860,85.0999984741211,187.613381755448,NA,25.4899997711182,FALSE,1461653427000
"89",8877689391,"04/27/2020",23629,20.6499996185303,20.6499996185303,0,13.0699996948242,0.439999997615814,7.09999990463257,0,93,8,235,1104,3808,85.4000015258789,188.274775269977,NA,25.5599994659424,FALSE,1461739865000
"90",8877689391,"04/28/2020",14890,11.3000001907349,11.3000001907349,0,4.92999982833862,0.379999995231628,5.96999979019165,0,58,8,231,1143,3060,85.0999984741211,187.613381755448,NA,25.4899997711182,FALSE,1461826203000
"91",8877689391,"04/29/2020",9733,7.3899998664856,7.3899998664856,0,1.37999999523163,0.170000001788139,5.78999996185303,0,18,5,210,1207,2698,84.9000015258789,187.172463959052,NA,25.4099998474121,FALSE,1461912595000
"92",8877689391,"04/30/2020",27745,26.7199993133545,26.7199993133545,0,21.6599998474121,0.0799999982118607,4.92999982833862,0,124,4,223,1089,4398,85.5,188.495234168175,NA,25.5900001525879,FALSE,1462002543000
"93",8877689391,"05/01/2020",10930,8.31999969482422,8.31999969482422,0,3.13000011444092,0.569999992847443,4.57000017166138,0,36,12,166,1226,2786,85.3000030517578,188.054316371779,NA,25.5300006866455,FALSE,1462092469000
"94",8877689391,"05/03/2020",10818,8.21000003814697,8.21000003814697,0,1.38999998569489,0.100000001490116,6.67000007629395,0.00999999977648258,19,3,229,1189,2817,84.9000015258789,187.172463959052,NA,25.4099998474121,FALSE,1462258181000
"95",8877689391,"05/04/2020",18193,16.2999992370605,16.2999992370605,0,10.4200000762939,0.310000002384186,5.53000020980835,0,66,8,212,1154,3477,84.4000015258789,186.070152648127,NA,25.2600002288818,FALSE,1462344502000
"96",8877689391,"05/06/2020",21727,19.3400001525879,19.3400001525879,0,12.789999961853,0.28999999165535,6.15999984741211,0,96,17,232,1095,4015,85,187.39292285725,NA,25.4400005340576,FALSE,1462517015000
"97",8877689391,"05/08/2020",10686,8.10999965667725,8.10999965667725,0,1.08000004291534,0.200000002980232,6.80000019073486,0,17,4,245,1174,2847,85.4000015258789,188.274775269977,NA,25.5599994659424,FALSE,1462692953000
"98",8877689391,"05/09/2020",20226,18.25,18.25,0,11.1000003814697,0.800000011920929,6.23999977111816,0.0500000007450581,73,19,217,1131,3710,85.5,188.495234168175,NA,25.6100006103516,FALSE,1462775984000
"99",8877689391,"05/11/2020",21420,19.5599994659424,19.5599994659424,0,13.2200002670288,0.409999996423721,5.8899998664856,0,88,12,213,1127,3832,85.4000015258789,188.274775269977,NA,25.5599994659424,FALSE,1462949507000
"100",8877689391,"05/12/2020",8064,6.11999988555908,6.11999988555908,0,1.82000005245209,0.0399999991059303,4.25,0,23,1,137,770,1849,84,185.1883002354,NA,25.1399993896484,FALSE,1463035373000
