"","Id","ActivityDate","TotalSteps","TotalDistance","TrackerDistance","LoggedActivitiesDistance","VeryActiveDistance","ModeratelyActiveDistance","LightActiveDistance","SedentaryActiveDistance","VeryActiveMinutes","FairlyActiveMinutes","LightlyActiveMinutes","SedentaryMinutes","Calories","TotalSleepRecords","TotalMinutesAsleep","TotalTimeInBed"
"1",1503960366,"04/12/2020",224,0.140000000596046,0.140000000596046,0,0,0,0.129999995231628,0,0,0,9,32,50,1,327,346
"2",1503960366,"04/12/2020",13162,8.5,8.5,0,1.87999999523163,0.550000011920929,6.05999994277954,0,25,13,328,728,1985,1,327,346
"3",1503960366,"04/13/2020",10735,6.96999979019165,6.96999979019165,0,1.57000005245209,0.689999997615814,4.71000003814697,0,21,19,217,776,1797,2,384,407
"4",1503960366,"04/15/2020",9762,6.28000020980835,6.28000020980835,0,2.14000010490417,1.25999999046326,2.82999992370605,0,29,34,209,726,1745,1,412,442
"5",1503960366,"04/16/2020",12669,8.15999984741211,8.15999984741211,0,2.71000003814697,0.409999996423721,5.03999996185303,0,36,10,221,773,1863,2,340,367
"6",1503960366,"04/17/2020",9705,6.48000001907349,6.48000001907349,0,3.19000005722046,0.779999971389771,2.50999999046326,0,38,20,164,539,1728,1,700,712
"7",1503960366,"04/19/2020",15506,9.88000011444092,9.88000011444092,0,3.52999997138977,1.32000005245209,5.03000020980835,0,50,31,264,775,2035,1,304,320
"8",1503960366,"04/20/2020",10544,6.67999982833862,6.67999982833862,0,1.96000003814697,0.479999989271164,4.23999977111816,0,28,12,205,818,1786,1,360,377
"9",1503960366,"04/21/2020",9819,6.34000015258789,6.34000015258789,0,1.3400000333786,0.349999994039536,4.65000009536743,0,19,8,211,838,1775,1,325,364
"10",1503960366,"04/23/2020",14371,9.03999996185303,9.03999996185303,0,2.80999994277954,0.870000004768372,5.3600001335144,0,41,21,262,732,1949,1,361,384
"11",1503960366,"04/24/2020",10039,6.40999984741211,6.40999984741211,0,2.92000007629395,0.209999993443489,3.27999997138977,0,39,5,238,709,1788,1,430,449
"12",1503960366,"04/25/2020",15355,9.80000019073486,9.80000019073486,0,5.28999996185303,0.569999992847443,3.94000005722046,0,73,14,216,814,2013,1,277,323
"13",1503960366,"04/26/2020",13755,8.78999996185303,8.78999996185303,0,2.32999992370605,0.920000016689301,5.53999996185303,0,31,23,279,833,1970,1,245,274
"14",1503960366,"04/28/2020",13154,8.52999973297119,8.52999973297119,0,3.53999996185303,1.1599999666214,3.78999996185303,0,48,28,189,782,1898,1,366,393
"15",1503960366,"04/29/2020",11181,7.15000009536743,7.15000009536743,0,1.05999994277954,0.5,5.57999992370605,0,16,12,243,815,1837,1,341,354
"16",1503960366,"04/30/2020",14673,9.25,9.25,0,3.55999994277954,1.41999995708466,4.26999998092651,0,52,34,217,712,1947,1,404,425
"17",1503960366,"05/01/2020",10602,6.80999994277954,6.80999994277954,0,2.28999996185303,1.60000002384186,2.92000007629395,0,33,35,246,730,1820,1,369,396
"18",1503960366,"05/02/2020",14727,9.71000003814697,9.71000003814697,0,3.21000003814697,0.569999992847443,5.92000007629395,0,41,15,277,798,2004,1,277,309
"19",1503960366,"05/03/2020",15103,9.65999984741211,9.65999984741211,0,3.73000001907349,1.04999995231628,4.88000011444092,0,50,24,254,816,1990,1,273,296
"20",1503960366,"05/05/2020",14070,8.89999961853027,8.89999961853027,0,2.92000007629395,1.08000004291534,4.88000011444092,0,45,24,250,857,1959,1,247,264
"21",1503960366,"05/06/2020",12159,8.02999973297119,8.02999973297119,0,1.97000002861023,0.25,5.80999994277954,0,24,6,289,754,1896,1,334,367
"22",1503960366,"05/07/2020",11992,7.71000003814697,7.71000003814697,0,2.46000003814697,2.11999988555908,3.13000011444092,0,37,46,175,833,1821,1,331,349
"23",1503960366,"05/08/2020",10060,6.57999992370605,6.57999992370605,0,3.52999997138977,0.319999992847443,2.73000001907349,0,44,8,203,574,1740,1,594,611
"24",1503960366,"05/09/2020",12022,7.71999979019165,7.71999979019165,0,3.45000004768372,0.529999971389771,3.74000000953674,0,46,11,206,835,1819,1,338,342
"25",1503960366,"05/10/2020",12207,7.76999998092651,7.76999998092651,0,3.34999990463257,1.1599999666214,3.25999999046326,0,46,31,214,746,1859,1,383,403
"26",1503960366,"05/11/2020",12770,8.13000011444092,8.13000011444092,0,2.55999994277954,1.00999999046326,4.55000019073486,0,36,23,251,669,1783,1,285,306
"27",1644430081,"04/29/2020",3176,2.30999994277954,2.30999994277954,0,0,0,2.30999994277954,0,0,0,120,1193,2498,1,119,127
"28",1644430081,"04/30/2020",18213,13.2399997711182,13.2399997711182,0,0.629999995231628,3.14000010490417,9.46000003814697,0,9,71,402,816,3846,1,124,142
"29",1644430081,"05/02/2020",3758,2.73000001907349,2.73000001907349,0,0.0700000002980232,0.310000002384186,2.34999990463257,0,1,7,148,682,2580,1,796,961
"30",1644430081,"05/08/2020",6724,4.8899998664856,4.8899998664856,0,0,0,4.88000011444092,0,0,0,295,991,2987,1,137,154
"31",1844505072,"04/15/2020",3844,2.53999996185303,2.53999996185303,0,0,0,2.53999996185303,0,0,0,176,527,1725,1,644,961
"32",1844505072,"04/30/2020",4014,2.67000007629395,2.67000007629395,0,0,0,2.65000009536743,0,0,0,184,218,1763,1,722,961
"33",1844505072,"05/01/2020",2573,1.70000004768372,1.70000004768372,0,0,0.259999990463257,1.45000004768372,0,0,7,75,585,1541,1,590,961
"34",1927972279,"04/12/2020",24,0.0199999995529652,0.0199999995529652,0,0,0,0.0199999995529652,0,0,0,3,161,942,3,750,775
"35",1927972279,"04/12/2020",678,0.469999998807907,0.469999998807907,0,0,0,0.469999998807907,0,0,0,55,734,2220,3,750,775
"36",1927972279,"04/13/2020",356,0.25,0.25,0,0,0,0.25,0,0,0,32,986,2151,1,398,422
"37",1927972279,"04/15/2020",980,0.680000007152557,0.680000007152557,0,0,0,0.680000007152557,0,0,0,51,941,2221,2,475,499
"38",1927972279,"04/26/2020",3761,2.59999990463257,2.59999990463257,0,0,0,2.59999990463257,0,0,0,192,1058,2638,1,296,315
"39",1927972279,"04/28/2020",1675,1.1599999666214,1.1599999666214,0,0,0,1.1599999666214,0,0,0,95,1167,2351,1,166,178
"40",2026352035,"04/12/2020",4414,2.74000000953674,2.74000000953674,0,0.189999997615814,0.349999994039536,2.20000004768372,0,3,8,181,706,1459,1,503,546
"41",2026352035,"04/12/2020",1019,0.629999995231628,0.629999995231628,0,0,0,0.629999995231628,0,0,0,64,223,600,1,503,546
"42",2026352035,"04/13/2020",4993,3.09999990463257,3.09999990463257,0,0,0,3.09999990463257,0,0,0,238,663,1521,1,531,565
"43",2026352035,"04/14/2020",3335,2.0699999332428,2.0699999332428,0,0,0,2.04999995231628,0,0,0,197,653,1431,1,545,568
"44",2026352035,"04/15/2020",3821,2.36999988555908,2.36999988555908,0,0,0,2.36999988555908,0,0,0,188,687,1444,1,523,573
"45",2026352035,"04/16/2020",2547,1.58000004291534,1.58000004291534,0,0,0,1.58000004291534,0,0,0,150,728,1373,1,524,567
"46",2026352035,"04/17/2020",838,0.519999980926514,0.519999980926514,0,0,0,0.519999980926514,0,0,0,60,1053,1214,1,437,498
"47",2026352035,"04/19/2020",2424,1.5,1.5,0,0,0,1.5,0,0,0,141,785,1356,1,498,540
"48",2026352035,"04/20/2020",7222,4.48000001907349,4.48000001907349,0,0,0,4.48000001907349,0,0,0,327,623,1667,1,461,510
"49",2026352035,"04/21/2020",2467,1.52999997138977,1.52999997138977,0,0,0,1.52999997138977,0,0,0,153,749,1370,1,477,514
"50",2026352035,"04/22/2020",2915,1.80999994277954,1.80999994277954,0,0,0,1.80999994277954,0,0,0,162,712,1399,1,520,545
"51",2026352035,"04/23/2020",12357,7.71000003814697,7.71000003814697,0,0,0,7.71000003814697,0,0,0,432,458,1916,1,522,554
"52",2026352035,"04/24/2020",3490,2.16000008583069,2.16000008583069,0,0,0,2.16000008583069,0,0,0,164,704,1401,1,555,591
"53",2026352035,"04/25/2020",6017,3.73000001907349,3.73000001907349,0,0,0,3.73000001907349,0,0,0,260,821,1576,1,506,531
"54",2026352035,"04/27/2020",6088,3.76999998092651,3.76999998092651,0,0,0,3.76999998092651,0,0,0,286,586,1593,1,508,545
"55",2026352035,"04/28/2020",6375,3.95000004768372,3.95000004768372,0,0,0,3.95000004768372,0,0,0,331,626,1649,1,513,545
"56",2026352035,"04/29/2020",7604,4.71000003814697,4.71000003814697,0,0,0,4.71000003814697,0,0,0,352,492,1692,1,490,510
"57",2026352035,"04/30/2020",4729,2.9300000667572,2.9300000667572,0,0,0,2.9300000667572,0,0,0,233,594,1506,1,573,607
"58",2026352035,"05/01/2020",3609,2.27999997138977,2.27999997138977,0,0,0,2.27999997138977,0,0,0,191,716,1447,1,527,546
"59",2026352035,"05/02/2020",7018,4.34999990463257,4.34999990463257,0,0,0,4.34999990463257,0,0,0,355,716,1690,1,511,543
"60",2026352035,"05/04/2020",6564,4.07000017166138,4.07000017166138,0,0,0,4.07000017166138,0,0,0,345,530,1658,1,538,560
"61",2026352035,"05/05/2020",12167,7.53999996185303,7.53999996185303,0,0,0,7.53999996185303,0,0,0,475,479,1926,1,468,485
"62",2026352035,"05/06/2020",8198,5.07999992370605,5.07999992370605,0,0,0,5.07999992370605,0,0,0,383,511,1736,1,524,548
"63",2026352035,"05/07/2020",4193,2.59999990463257,2.59999990463257,0,0,0,2.59999990463257,0,0,0,229,665,1491,1,511,521
"64",2026352035,"05/08/2020",5528,3.45000004768372,3.45000004768372,0,0,0,3.45000004768372,0,0,0,258,610,1555,1,541,568
"65",2026352035,"05/09/2020",10685,6.61999988555908,6.61999988555908,0,0,0,6.59999990463257,0,0,0,401,543,1869,1,531,556
"66",2026352035,"05/10/2020",254,0.159999996423721,0.159999996423721,0,0,0,0.159999996423721,0,0,0,17,1002,1141,1,357,380
"67",2026352035,"05/11/2020",8580,5.32000017166138,5.32000017166138,0,0,0,5.32000017166138,0,0,0,330,569,1698,1,523,553
"68",2026352035,"05/12/2020",8891,5.51000022888184,5.51000022888184,0,0,0,5.51000022888184,0,0,0,343,330,1364,1,456,485
"69",2320127002,"04/23/2020",5079,3.42000007629395,3.42000007629395,0,0,0,3.42000007629395,0,0,0,242,1129,1804,1,61,69
"70",2347167796,"04/13/2020",10352,7.01000022888184,7.01000022888184,0,1.6599999666214,1.94000005722046,3.41000008583069,0,19,32,195,676,2038,1,467,531
"71",2347167796,"04/14/2020",10129,6.69999980926514,6.69999980926514,0,0.0199999995529652,2.74000000953674,3.94000005722046,0,1,48,206,705,2010,1,445,489
"72",2347167796,"04/15/2020",10465,6.92000007629395,6.92000007629395,0,0.0700000002980232,1.41999995708466,5.42999982833862,0,1,24,284,720,2133,1,452,504
"73",2347167796,"04/17/2020",5472,3.61999988555908,3.61999988555908,0,0.0799999982118607,0.280000001192093,3.25999999046326,0,1,7,249,508,1882,1,556,602
"74",2347167796,"04/18/2020",8247,5.44999980926514,5.44999980926514,0,0.790000021457672,0.860000014305115,3.78999996185303,0,11,16,206,678,1944,1,500,557
"75",2347167796,"04/19/2020",6711,4.44000005722046,4.44000005722046,0,0,0,4.44000005722046,0,0,7,382,648,2346,1,465,514
"76",2347167796,"04/21/2020",10080,6.75,6.75,0,1.85000002384186,1.52999997138977,3.38000011444092,0,23,26,208,761,2048,1,460,484
"77",2347167796,"04/22/2020",7804,5.15999984741211,5.15999984741211,0,0.560000002384186,1.67999994754791,2.92000007629395,0,9,27,206,781,1946,1,405,461
"78",2347167796,"04/23/2020",16901,11.3699998855591,11.3699998855591,0,2.77999997138977,1.45000004768372,7.15000009536743,0,32,35,360,591,2629,1,374,386
"79",2347167796,"04/24/2020",9471,6.26000022888184,6.26000022888184,0,0,0,6.26000022888184,0,0,0,360,584,2187,1,442,459
"80",2347167796,"04/25/2020",9482,6.38000011444092,6.38000011444092,0,1.26999998092651,0.519999980926514,4.59999990463257,0,15,11,277,653,2095,1,433,471
"81",2347167796,"04/26/2020",5980,3.95000004768372,3.95000004768372,0,0,0,3.95000004768372,0,0,0,227,732,1861,1,436,490
"82",2347167796,"04/27/2020",11423,7.57999992370605,7.57999992370605,0,1.86000001430511,0.400000005960464,5.32000017166138,0,26,9,295,623,2194,1,448,499
"83",2347167796,"04/28/2020",5439,3.59999990463257,3.59999990463257,0,0,0,3.59999990463257,0,0,0,229,764,1854,1,408,450
"84",2347167796,"04/29/2020",42,0.0299999993294477,0.0299999993294477,0,0,0,0.0299999993294477,0,0,0,4,2,403,1,411,473
"85",3977333714,"04/12/2020",8856,5.98000001907349,5.98000001907349,0,3.05999994277954,0.910000026226044,2.00999999046326,0,44,19,131,777,1450,1,274,469
"86",3977333714,"04/12/2020",759,0.569999992847443,0.569999992847443,0,0,0,0.569999992847443,0,0,0,17,187,182,1,274,469
"87",3977333714,"04/13/2020",10035,6.71000003814697,6.71000003814697,0,2.02999997138977,2.13000011444092,2.54999995231628,0,31,46,153,754,1495,2,295,456
"88",3977333714,"04/14/2020",7641,5.1100001335144,5.1100001335144,0,0.319999992847443,0.970000028610229,3.8199999332428,0,5,23,214,801,1433,1,291,397
"89",3977333714,"04/15/2020",9010,6.05999994277954,6.05999994277954,0,1.04999995231628,1.75,3.25999999046326,0,15,42,183,644,1468,1,424,556
"90",3977333714,"04/16/2020",13459,9,9,0,2.02999997138977,4,2.97000002861023,0,31,83,153,663,1625,1,283,510
"91",3977333714,"04/17/2020",10415,6.96999979019165,6.96999979019165,0,0.699999988079071,2.34999990463257,3.92000007629395,0,11,58,205,600,1529,1,381,566
"92",3977333714,"04/18/2020",11663,7.80000019073486,7.80000019073486,0,0.25,3.73000001907349,3.8199999332428,0,4,95,214,605,1584,2,412,522
"93",3977333714,"04/19/2020",12414,8.77999973297119,8.77999973297119,0,2.24000000953674,2.45000004768372,3.96000003814697,0,19,67,221,738,1638,1,219,395
"94",3977333714,"04/20/2020",11658,7.82999992370605,7.82999992370605,0,0.200000002980232,4.34999990463257,3.27999997138977,0,2,98,164,845,1554,2,152,305
"95",3977333714,"04/21/2020",6093,4.07999992370605,4.07999992370605,0,0,0,4.05999994277954,0,0,0,242,712,1397,1,332,512
"96",3977333714,"04/22/2020",8911,5.96000003814697,5.96000003814697,0,2.32999992370605,0.579999983310699,3.05999994277954,0,33,12,188,731,1481,1,355,476
"97",3977333714,"04/23/2020",12058,8.06999969482422,8.06999969482422,0,0,4.21999979019165,3.84999990463257,0,0,92,252,724,1638,1,235,372
"98",3977333714,"04/24/2020",14112,10,10,0,3.26999998092651,4.55999994277954,2.17000007629395,0,30,95,129,660,1655,1,310,526
"99",3977333714,"04/25/2020",11177,8.47999954223633,8.47999954223633,0,5.61999988555908,0.430000007152557,2.41000008583069,0,50,9,133,781,1570,1,262,467
"100",3977333714,"04/26/2020",11388,7.61999988555908,7.61999988555908,0,0.449999988079071,4.21999979019165,2.95000004768372,0,7,95,170,797,1551,1,250,371
"101",3977333714,"04/27/2020",7193,5.03999996185303,5.03999996185303,0,0,0.419999986886978,4.61999988555908,0,0,10,176,714,1377,1,349,540
"102",3977333714,"04/28/2020",7114,4.88000011444092,4.88000011444092,0,1.37000000476837,0.28999999165535,3.22000002861023,0,15,8,190,804,1407,1,261,423
"103",3977333714,"04/29/2020",10645,7.75,7.75,0,3.74000000953674,1.29999995231628,2.71000003814697,0,36,32,150,744,1545,1,333,478
"104",3977333714,"04/30/2020",13238,9.19999980926514,9.19999980926514,0,3.69000005722046,2.09999990463257,3.41000008583069,0,43,52,194,687,1650,1,237,382
"105",3977333714,"05/01/2020",10414,7.07000017166138,7.07000017166138,0,2.67000007629395,1.98000001907349,2.41000008583069,0,41,40,124,691,1501,1,383,626
"106",3977333714,"05/02/2020",16520,11.0500001907349,11.0500001907349,0,1.53999996185303,6.48000001907349,3.01999998092651,0,24,143,176,713,1760,1,230,384
"107",3977333714,"05/03/2020",14335,9.59000015258789,9.59000015258789,0,3.3199999332428,1.74000000953674,4.53000020980835,0,47,41,258,594,1710,1,292,500
"108",3977333714,"05/04/2020",13559,9.4399995803833,9.4399995803833,0,1.80999994277954,4.57999992370605,2.89000010490417,0,14,96,142,852,1628,1,213,336
"109",3977333714,"05/05/2020",12312,8.57999992370605,8.57999992370605,0,1.75999999046326,4.1100001335144,2.71000003814697,0,14,88,178,680,1618,1,318,480
"110",3977333714,"05/06/2020",11677,8.27999973297119,8.27999973297119,0,3.10999989509583,2.50999999046326,2.67000007629395,0,29,55,168,676,1590,1,323,512
"111",3977333714,"05/07/2020",11550,7.73000001907349,7.73000001907349,0,0,4.13000011444092,3.58999991416931,0,0,86,208,703,1574,1,237,443
"112",3977333714,"05/08/2020",13585,9.09000015258789,9.09000015258789,0,0.680000007152557,5.23999977111816,3.17000007629395,0,9,116,171,688,1633,2,259,456
"113",3977333714,"05/10/2020",13072,8.77999973297119,8.77999973297119,0,0.0700000002980232,5.40000009536743,3.30999994277954,0,1,115,196,676,1630,1,312,452
"114",4020332650,"04/12/2020",8,0.00999999977648258,0.00999999977648258,0,0,0,0.00999999977648258,0,0,0,1,321,446,1,501,541
"115",4020332650,"04/12/2020",8539,6.11999988555908,6.11999988555908,0,0.150000005960464,0.239999994635582,5.67999982833862,0,4,15,331,712,3654,1,501,541
"116",4020332650,"04/16/2020",1982,1.41999995708466,1.41999995708466,0,0.449999988079071,0.370000004768372,0.589999973773956,0,65,21,55,1222,3051,1,77,77
"117",4020332650,"05/03/2020",4496,3.22000002861023,3.22000002861023,0,0,0,3.15000009536743,0.0500000007450581,0,0,174,950,2828,1,322,332
"118",4020332650,"05/04/2020",10252,7.34999990463257,7.34999990463257,0,0.670000016689301,1.03999996185303,5.57999992370605,0,13,46,346,531,3879,1,478,536
"119",4020332650,"05/05/2020",11728,8.43000030517578,8.43000030517578,0,2.61999988555908,1.67999994754791,4.03999996185303,0.0700000002980232,38,42,196,916,3429,1,226,248
"120",4020332650,"05/06/2020",4369,3.13000011444092,3.13000011444092,0,0,0,3.09999990463257,0.00999999977648258,0,0,177,855,2704,1,385,408
"121",4020332650,"05/08/2020",5862,4.19999980926514,4.19999980926514,0,0,0,4.15000009536743,0,0,0,263,775,3089,1,364,402
"122",4020332650,"05/10/2020",5546,3.98000001907349,3.98000001907349,0,0,0,3.86999988555908,0.0399999991059303,0,0,206,774,2926,1,442,494
"123",4319703577,"04/14/2020",10210,6.88000011444092,6.88000011444092,0,0.109999999403954,0.330000013113022,6.44000005722046,0,1,9,339,589,2302,1,535,557
"124",4319703577,"04/15/2020",5664,3.79999995231628,3.79999995231628,0,0,0,3.79999995231628,0,0,0,228,752,1985,1,465,491
"125",4319703577,"04/16/2020",4744,3.1800000667572,3.1800000667572,0,0,0,3.1800000667572,0,0,0,194,724,1884,1,506,522
"126",4319703577,"04/18/2020",2276,1.54999995231628,1.54999995231628,0,0.0700000002980232,0.330000013113022,1.12000000476837,0,1,9,58,824,1632,1,515,551
"127",4319703577,"04/19/2020",8925,5.98999977111816,5.98999977111816,0,0,0,5.98999977111816,0,0,0,311,604,2200,2,461,498
"128",4319703577,"04/20/2020",8954,6.01000022888184,6.01000022888184,0,0,0.680000007152557,5.30999994277954,0,0,18,306,671,2220,1,523,543
"129",4319703577,"04/21/2020",3702,2.48000001907349,2.48000001907349,0,0,0,0.349999994039536,0,0,0,34,1265,1792,1,59,65
"130",4319703577,"04/22/2020",4500,3.01999998092651,3.01999998092651,0,0.0599999986588955,0.810000002384186,2.15000009536743,0,1,19,176,709,1886,1,533,550
"131",4319703577,"04/23/2020",4935,3.30999994277954,3.30999994277954,0,0,0,3.30999994277954,0,0,0,233,546,1945,1,692,722
"132",4319703577,"04/24/2020",4081,2.74000000953674,2.74000000953674,0,0.0599999986588955,0.200000002980232,2.47000002861023,0,1,5,191,692,1880,1,467,501
"133",4319703577,"04/25/2020",9259,6.21000003814697,6.21000003814697,0,0,0.280000001192093,5.92999982833862,0,0,8,390,544,2314,1,488,506
"134",4319703577,"04/26/2020",9899,6.6399998664856,6.6399998664856,0,0.569999992847443,0.920000016689301,5.15000009536743,0,8,21,288,649,2236,1,505,516
"135",4319703577,"04/27/2020",10780,7.23000001907349,7.23000001907349,0,0.409999996423721,1.91999995708466,4.90999984741211,0,6,47,300,680,2324,1,286,307
"136",4319703577,"04/28/2020",10817,7.28000020980835,7.28000020980835,0,1.00999999046326,0.330000013113022,5.94000005722046,0,13,8,359,552,2367,1,497,522
"137",4319703577,"04/29/2020",7990,5.3600001335144,5.3600001335144,0,0.449999988079071,0.790000021457672,4.11999988555908,0,6,18,289,624,2175,1,523,546
"138",4319703577,"04/30/2020",8221,5.51999998092651,5.51999998092651,0,0.400000005960464,1.61000001430511,3.50999999046326,0,6,38,196,695,2092,1,490,516
"139",4319703577,"05/01/2020",1251,0.839999973773956,0.839999973773956,0,0,0,0.839999973773956,0,0,0,67,836,1593,1,484,500
"140",4319703577,"05/02/2020",9261,6.23999977111816,6.23999977111816,0,0,0.439999997615814,5.71000003814697,0,0,11,344,585,2270,1,478,506
"141",4319703577,"05/03/2020",9648,6.46999979019165,6.46999979019165,0,0.579999983310699,1.07000005245209,4.82999992370605,0,8,26,287,669,2235,1,474,512
"142",4319703577,"05/06/2020",9524,6.42000007629395,6.42000007629395,0,0.409999996423721,0.469999998807907,5.46000003814697,0,6,11,314,692,2266,1,450,491
"143",4319703577,"05/07/2020",7937,5.32999992370605,5.32999992370605,0,0.189999997615814,1.04999995231628,4.07999992370605,0,3,28,279,586,2158,1,507,530
"144",4319703577,"05/08/2020",3672,2.46000003814697,2.46000003814697,0,0,0,2.46000003814697,0,0,0,153,603,1792,1,602,638
"145",4319703577,"05/09/2020",10378,6.96000003814697,6.96000003814697,0,0.140000000596046,0.560000002384186,6.25,0,2,14,374,490,2345,1,535,565
"146",4319703577,"05/10/2020",9487,6.36999988555908,6.36999988555908,0,0.209999993443489,0.46000000834465,5.69999980926514,0,3,12,329,555,2260,1,487,517
"147",4319703577,"05/11/2020",9129,6.13000011444092,6.13000011444092,0,0.200000002980232,0.740000009536743,5.17999982833862,0,3,18,311,574,2232,1,529,558
"148",4319703577,"05/12/2020",17,0.00999999977648258,0.00999999977648258,0,0,0,0.00999999977648258,0,0,0,2,0,257,1,302,321
"149",4388161847,"04/15/2020",8758,6.73000001907349,6.73000001907349,0,0,0,6.73000001907349,0,0,0,299,837,3066,1,499,526
"150",4388161847,"04/16/2020",6580,5.05999994277954,5.05999994277954,0,0.209999993443489,0.400000005960464,4.44999980926514,0,6,9,253,609,3073,2,426,448
"151",4388161847,"04/17/2020",4660,3.57999992370605,3.57999992370605,0,0,0,3.57999992370605,0,0,0,201,721,2572,2,619,641
"152",4388161847,"04/18/2020",11009,9.10000038146973,9.10000038146973,0,3.55999994277954,0.400000005960464,5.1399998664856,0,27,8,239,1017,3274,1,99,104
"153",4388161847,"04/19/2020",10181,7.82999992370605,7.82999992370605,0,1.37000000476837,0.689999997615814,5.76999998092651,0,20,16,249,704,3015,1,329,338
"154",4388161847,"04/20/2020",10553,8.11999988555908,8.11999988555908,0,1.10000002384186,1.72000002861023,5.28999996185303,0,19,42,228,696,3083,1,421,451
"155",4388161847,"04/21/2020",10055,7.73000001907349,7.73000001907349,0,0.370000004768372,0.389999985694885,6.98000001907349,0,7,12,272,853,3069,1,442,458
"156",4388161847,"04/22/2020",12139,9.34000015258789,9.34000015258789,0,3.29999995231628,1.11000001430511,4.92000007629395,0,77,25,220,945,3544,1,82,85
"157",4388161847,"04/23/2020",13236,10.1800003051758,10.1800003051758,0,4.5,0.319999992847443,5.34999990463257,0,58,5,215,749,3306,1,478,501
"158",4388161847,"04/24/2020",10243,7.88000011444092,7.88000011444092,0,1.08000004291534,0.509999990463257,6.30000019073486,0,14,8,239,584,2885,3,552,595
"159",4388161847,"04/26/2020",9461,7.28000020980835,7.28000020980835,0,0.939999997615814,1.05999994277954,5.26999998092651,0,14,23,224,673,2929,1,319,346
"160",4388161847,"04/27/2020",11193,8.60999965667725,8.60999965667725,0,0.699999988079071,2.50999999046326,5.3899998664856,0,11,48,241,684,3074,1,439,500
"161",4388161847,"04/28/2020",10074,7.75,7.75,0,1.28999996185303,0.430000007152557,6.03000020980835,0,19,9,234,878,2969,1,428,458
"162",4388161847,"04/30/2020",12533,9.64000034332275,9.64000034332275,0,0.699999988079071,2,6.94000005722046,0,14,43,300,537,3283,2,409,430
"163",4388161847,"05/01/2020",10255,7.8899998664856,7.8899998664856,0,1.00999999046326,0.680000007152557,6.19999980926514,0,12,15,241,579,2926,1,547,597
"164",4388161847,"05/02/2020",10096,8.39999961853027,8.39999961853027,0,3.76999998092651,0.0799999982118607,4.55000019073486,0,33,4,204,935,3147,2,368,376
"165",4388161847,"05/04/2020",12375,9.52000045776367,9.52000045776367,0,2.78999996185303,0.930000007152557,5.80000019073486,0,35,21,251,632,3162,1,390,414
"166",4388161847,"05/05/2020",9603,7.38000011444092,7.38000011444092,0,0.629999995231628,1.66999995708466,5.09000015258789,0,12,39,199,896,2899,1,471,495
"167",4388161847,"05/05/2020",9603,7.38000011444092,7.38000011444092,0,0.629999995231628,1.66999995708466,5.09000015258789,0,12,39,199,896,2899,1,471,495
"168",4388161847,"05/07/2020",22770,17.5400009155273,17.5400009155273,0,9.44999980926514,2.76999998092651,5.32999992370605,0,120,56,260,508,4022,1,472,496
"169",4388161847,"05/08/2020",17298,14.3800001144409,14.3800001144409,0,9.89000034332275,1.25999999046326,3.23000001907349,0,107,38,178,576,3934,2,529,541
"170",4388161847,"05/09/2020",10218,7.8600001335144,7.8600001335144,0,0.340000003576279,0.730000019073486,6.78999996185303,0,6,19,258,1020,3013,1,62,65
"171",4388161847,"05/10/2020",10299,7.92000007629395,7.92000007629395,0,0.810000002384186,0.649999976158142,6.46000003814697,0,13,14,267,648,3061,1,354,375
"172",4388161847,"05/11/2020",10201,7.84000015258789,7.84000015258789,0,0.529999971389771,0.790000021457672,6.53000020980835,0,8,18,256,858,2954,1,469,494
"173",4445114986,"04/12/2020",3276,2.20000004768372,2.20000004768372,0,0,0,2.20000004768372,0,0,0,196,787,2113,2,429,457
"174",4445114986,"04/12/2020",278,0.189999997615814,0.189999997615814,0,0,0,0.189999997615814,0,0,0,20,253,745,2,429,457
"175",4445114986,"04/13/2020",2961,1.99000000953674,1.99000000953674,0,0,0,1.99000000953674,0,0,0,194,840,2095,2,370,406
"176",4445114986,"04/14/2020",3974,2.67000007629395,2.67000007629395,0,0,0,2.67000007629395,0,0,0,231,717,2194,1,441,492
"177",4445114986,"04/15/2020",7198,4.82999992370605,4.82999992370605,0,0,0,4.82999992370605,0,0,0,350,711,2496,2,337,379
"178",4445114986,"04/16/2020",3945,2.65000009536743,2.65000009536743,0,0,0,2.65000009536743,0,0,0,225,716,2180,1,462,499
"179",4445114986,"04/17/2020",2268,1.51999998092651,1.51999998092651,0,0,0,1.51999998092651,0,0,0,114,1219,1933,1,98,107
"180",4445114986,"04/19/2020",2064,1.38999998569489,1.38999998569489,0,0,0,1.38999998569489,0,0,0,121,895,1954,2,388,424
"181",4445114986,"04/20/2020",2072,1.38999998569489,1.38999998569489,0,0,0,1.38999998569489,0,0,0,137,841,1974,1,439,462
"182",4445114986,"04/21/2020",3809,2.55999994277954,2.55999994277954,0,0,0,2.53999996185303,0,0,0,215,756,2150,1,436,469
"183",4445114986,"04/22/2020",6831,4.57999992370605,4.57999992370605,0,0,0,4.57999992370605,0,0,0,317,706,2432,1,388,417
"184",4445114986,"04/25/2020",3385,2.26999998092651,2.26999998092651,0,0,0,2.26999998092651,0,0,0,179,916,2070,1,328,345
"185",4445114986,"04/26/2020",6326,4.40999984741211,4.40999984741211,0,2.41000008583069,0.0399999991059303,1.96000003814697,0,29,1,180,839,2291,2,353,391
"186",4445114986,"04/27/2020",7243,5.03000020980835,5.03000020980835,0,2.61999988555908,0.0299999993294477,2.38000011444092,0,32,1,194,839,2361,1,332,374
"187",4445114986,"04/28/2020",4493,3.00999999046326,3.00999999046326,0,0,0,3.00999999046326,0,0,0,236,762,2203,1,419,442
"188",4445114986,"04/29/2020",4676,3.14000010490417,3.14000010490417,0,0,0,3.13000011444092,0,0,0,226,1106,2196,1,106,108
"189",4445114986,"04/30/2020",6222,4.17999982833862,4.17999982833862,0,0,0,4.17999982833862,0,0,0,290,797,2363,1,322,353
"190",4445114986,"05/01/2020",5232,3.50999999046326,3.50999999046326,0,0,0,3.50999999046326,0,0,0,240,741,2246,2,439,459
"191",4445114986,"05/02/2020",6910,4.75,4.75,0,2.21000003814697,0.189999997615814,2.34999990463257,0,27,4,200,667,2336,1,502,542
"192",4445114986,"05/03/2020",7502,5.17999982833862,5.17999982833862,0,2.48000001907349,0.109999999403954,2.57999992370605,0,30,2,233,725,2421,2,417,450
"193",4445114986,"05/04/2020",2923,1.96000003814697,1.96000003814697,0,0,0,1.96000003814697,0,0,0,180,897,2070,2,337,363
"194",4445114986,"05/05/2020",3800,2.54999995231628,2.54999995231628,0,0.119999997317791,0.239999994635582,2.1800000667572,0,2,6,185,734,2120,2,462,513
"195",4445114986,"05/06/2020",4514,3.02999997138977,3.02999997138977,0,0,0,3.02999997138977,0,0,0,229,809,2211,2,374,402
"196",4445114986,"05/07/2020",5183,3.58999991416931,3.58999991416931,0,2.13000011444092,0.189999997615814,1.25,0,26,4,108,866,2123,2,401,436
"197",4445114986,"05/08/2020",7303,4.90000009536743,4.90000009536743,0,0,0.25,4.65000009536743,0,0,8,308,733,2423,1,361,391
"198",4445114986,"05/09/2020",5275,3.53999996185303,3.53999996185303,0,0,0,3.53999996185303,0,0,0,266,641,2281,1,457,533
"199",4445114986,"05/10/2020",3915,2.63000011444092,2.63000011444092,0,0,0,2.63000011444092,0,0,0,231,783,2181,1,405,426
"200",4445114986,"05/11/2020",9105,6.1100001335144,6.1100001335144,0,2.25,1,2.85999989509583,0,34,22,232,622,2499,1,499,530
"201",4445114986,"05/12/2020",768,0.519999980926514,0.519999980926514,0,0,0,0.519999980926514,0,0,0,58,380,1212,1,483,501
"202",4558609924,"04/21/2020",13743,9.07999992370605,9.07999992370605,0,0.419999986886978,0.970000028610229,7.69999980926514,0,6,21,432,844,2486,1,126,137
"203",4558609924,"04/26/2020",9148,6.05000019073486,6.05000019073486,0,0.430000007152557,2.02999997138977,3.58999991416931,0,12,41,283,1062,2223,1,103,121
"204",4558609924,"04/29/2020",7833,5.17999982833862,5.17999982833862,0,1.01999998092651,1.85000002384186,2.30999994277954,0,15,29,197,1096,1918,1,171,179
"205",4558609924,"05/01/2020",3428,2.26999998092651,2.26999998092651,0,0,0,2.26999998092651,0,0,0,190,1121,1692,1,115,129
"206",4558609924,"05/08/2020",6543,4.32999992370605,4.32999992370605,0,1.79999995231628,0.5,2.01999998092651,0,66,35,238,1019,2666,1,123,134
"207",4702921684,"04/12/2020",7213,5.88000011444092,5.88000011444092,0,0,0,5.84999990463257,0,0,0,263,718,2947,1,425,439
"208",4702921684,"04/12/2020",0,0,0,0,0,0,0,0,0,0,0,1440,0,1,425,439
"209",4702921684,"04/13/2020",6877,5.57999992370605,5.57999992370605,0,0,0,5.57999992370605,0,0,0,258,777,2898,2,400,430
"210",4702921684,"04/14/2020",7860,6.36999988555908,6.36999988555908,0,0,0,6.36999988555908,0,0,0,271,772,2984,1,384,415
"211",4702921684,"04/15/2020",6506,5.28000020980835,5.28000020980835,0,0.0700000002980232,0.419999986886978,4.78999996185303,0,1,8,256,944,2896,1,253,257
"212",4702921684,"04/16/2020",11140,9.02999973297119,9.02999973297119,0,0.239999994635582,1.25,7.53999996185303,0,3,24,335,556,3328,2,382,406
"213",4702921684,"04/17/2020",12692,10.289999961853,10.289999961853,0,0.959999978542328,3.46000003814697,5.88000011444092,0,12,66,302,437,3394,1,591,612
"214",4702921684,"04/18/2020",9105,7.38000011444092,7.38000011444092,0,1.82000005245209,1.49000000953674,4.07000017166138,0,22,30,191,890,3013,1,293,312
"215",4702921684,"04/19/2020",6708,5.44000005722046,5.44000005722046,0,0.879999995231628,0.370000004768372,4.19000005722046,0,10,8,179,757,2812,1,457,487
"216",4702921684,"04/20/2020",8793,7.13000011444092,7.13000011444092,0,0.159999996423721,1.23000001907349,5.73000001907349,0,2,29,260,717,3061,1,454,468
"217",4702921684,"04/21/2020",6530,5.30000019073486,5.30000019073486,0,0.310000002384186,2.04999995231628,2.94000005722046,0,4,41,144,901,2729,1,425,434
"218",4702921684,"04/23/2020",15126,12.2700004577637,12.2700004577637,0,0.759999990463257,3.24000000953674,8.27000045776367,0,9,66,408,469,3691,1,465,475
"219",4702921684,"04/24/2020",15050,12.2200002670288,12.2200002670288,0,1.20000004768372,5.11999988555908,5.88000011444092,0,15,95,281,542,3538,1,480,506
"220",4702921684,"04/25/2020",9167,7.42999982833862,7.42999982833862,0,0.490000009536743,0.819999992847443,6.1100001335144,0,6,15,270,730,3064,1,370,380
"221",4702921684,"04/26/2020",6108,4.94999980926514,4.94999980926514,0,0.0700000002980232,0.349999994039536,4.53999996185303,0,1,8,216,765,2784,1,421,429
"222",4702921684,"04/27/2020",7047,5.71999979019165,5.71999979019165,0,0.0900000035762787,0.800000011920929,4.78000020980835,0,1,16,238,733,2908,1,432,449
"223",4702921684,"04/28/2020",9023,7.32000017166138,7.32000017166138,0,1.12999999523163,0.419999986886978,5.76999998092651,0,14,9,232,738,3033,1,442,461
"224",4702921684,"04/29/2020",9930,8.05000019073486,8.05000019073486,0,1.05999994277954,0.920000016689301,6.07000017166138,0,12,19,267,692,3165,1,433,447
"225",4702921684,"04/30/2020",10144,8.22999954223633,8.22999954223633,0,0.319999992847443,2.02999997138977,5.88000011444092,0,4,36,263,728,3115,1,479,501
"226",4702921684,"05/03/2020",9454,7.67000007629395,7.67000007629395,0,0,0,7.67000007629395,0,0,0,313,729,3145,1,327,373
"227",4702921684,"05/04/2020",8161,6.61999988555908,6.61999988555908,0,0.340000003576279,0.730000019073486,5.53999996185303,0,4,15,251,757,3004,1,412,434
"228",4702921684,"05/05/2020",8614,6.98999977111816,6.98999977111816,0,0.670000016689301,0.219999998807907,6.09000015258789,0,8,5,241,745,3006,1,414,428
"229",4702921684,"05/06/2020",6943,5.63000011444092,5.63000011444092,0,0.0799999982118607,0.660000026226044,4.86999988555908,0,1,16,207,682,2859,1,404,449
"230",4702921684,"05/07/2020",14370,11.6499996185303,11.6499996185303,0,0.370000004768372,2.30999994277954,8.97000026702881,0,5,46,439,577,3683,1,520,543
"231",4702921684,"05/07/2020",14370,11.6499996185303,11.6499996185303,0,0.370000004768372,2.30999994277954,8.97000026702881,0,5,46,439,577,3683,1,520,543
"232",4702921684,"05/09/2020",8232,6.67999982833862,6.67999982833862,0,0,0.569999992847443,6.09999990463257,0,0,12,253,746,2990,1,435,458
"233",4702921684,"05/10/2020",10613,8.60999965667725,8.60999965667725,0,0.0799999982118607,1.87999999523163,6.65000009536743,0,1,37,262,701,3172,1,416,431
"234",4702921684,"05/11/2020",9810,7.96000003814697,7.96000003814697,0,0.779999971389771,2.16000008583069,4.98000001907349,0,10,41,235,784,3069,1,354,366
"235",4702921684,"05/12/2020",2752,2.23000001907349,2.23000001907349,0,0,0,2.23000001907349,0,0,0,68,241,1240,1,404,442
"236",5553957443,"04/12/2020",3436,2.24000000953674,2.24000000953674,0,0.5,0.670000016689301,1.04999995231628,0,7,11,50,61,633,1,441,464
"237",5553957443,"04/12/2020",11596,7.57000017166138,7.57000017166138,0,1.37000000476837,0.790000021457672,5.40999984741211,0,19,13,277,767,2026,1,441,464
"238",5553957443,"04/13/2020",4832,3.16000008583069,3.16000008583069,0,0,0,3.16000008583069,0,0,0,226,647,1718,2,455,488
"239",5553957443,"04/14/2020",17022,11.1199998855591,11.1199998855591,0,4,2.45000004768372,4.67000007629395,0,61,41,256,693,2324,1,357,418
"240",5553957443,"04/15/2020",16556,10.8599996566772,10.8599996566772,0,4.15999984741211,1.98000001907349,4.71000003814697,0,58,38,239,689,2254,1,377,409
"241",5553957443,"04/16/2020",5771,3.76999998092651,3.76999998092651,0,0,0,3.76999998092651,0,0,0,288,521,1831,2,651,686
"242",5553957443,"04/17/2020",655,0.430000007152557,0.430000007152557,0,0,0,0.430000007152557,0,0,0,46,943,1397,1,350,402
"243",5553957443,"04/18/2020",3727,2.4300000667572,2.4300000667572,0,0,0,2.4300000667572,0,0,0,206,622,1683,2,520,541
"244",5553957443,"04/19/2020",15482,10.1099996566772,10.1099996566772,0,4.28000020980835,1.6599999666214,4.17999982833862,0,69,28,249,756,2284,1,357,410
"245",5553957443,"04/20/2020",2713,1.76999998092651,1.76999998092651,0,0,0,1.76999998092651,0,0,0,148,598,1570,1,658,678
"246",5553957443,"04/21/2020",12346,8.0600004196167,8.0600004196167,0,2.95000004768372,2.16000008583069,2.96000003814697,0,47,42,177,801,2066,1,399,431
"247",5553957443,"04/22/2020",11682,7.63000011444092,7.63000011444092,0,1.37999999523163,0.629999995231628,5.59999990463257,0,25,16,270,781,2105,1,322,353
"248",5553957443,"04/23/2020",4112,2.69000005722046,2.69000005722046,0,0,0,2.6800000667572,0,0,0,272,443,1776,2,631,725
"249",5553957443,"04/24/2020",1807,1.17999994754791,1.17999994754791,0,0,0,1.17999994754791,0,0,0,104,582,1507,2,553,640
"250",5553957443,"04/25/2020",10946,7.19000005722046,7.19000005722046,0,2.9300000667572,0.569999992847443,3.69000005722046,0,51,11,201,732,2033,1,433,468
"251",5553957443,"04/26/2020",11886,7.76000022888184,7.76000022888184,0,2.36999988555908,0.930000007152557,4.46000003814697,0,40,18,238,750,2093,1,412,453
"252",5553957443,"04/27/2020",10538,6.88000011444092,6.88000011444092,0,1.13999998569489,1,4.73999977111816,0,16,16,206,745,1922,1,347,391
"253",5553957443,"04/28/2020",11393,7.63000011444092,7.63000011444092,0,3.71000003814697,0.75,3.17000007629395,0,49,13,165,727,1999,1,421,457
"254",5553957443,"04/29/2020",12764,8.32999992370605,8.32999992370605,0,2.78999996185303,0.639999985694885,4.90999984741211,0,46,15,270,709,2169,1,450,495
"255",5553957443,"04/30/2020",1202,0.779999971389771,0.779999971389771,0,0,0,0.779999971389771,0,0,0,84,506,1463,2,775,843
"256",5553957443,"05/01/2020",5164,3.36999988555908,3.36999988555908,0,0,0,3.36999988555908,0,0,0,237,436,1747,2,622,686
"257",5553957443,"05/02/2020",9769,6.38000011444092,6.38000011444092,0,1.05999994277954,0.409999996423721,4.90000009536743,0,23,9,227,724,1996,1,409,471
"258",5553957443,"05/03/2020",12848,8.39000034332275,8.39000034332275,0,1.5,1.20000004768372,5.67999982833862,0,26,29,247,812,2116,1,380,429
"259",5553957443,"05/04/2020",4249,2.76999998092651,2.76999998092651,0,0,0,2.76999998092651,0,0,0,224,651,1698,1,447,470
"260",5553957443,"05/05/2020",14331,9.51000022888184,9.51000022888184,0,3.4300000667572,1.6599999666214,4.42999982833862,0,44,29,241,692,2156,1,419,464
"261",5553957443,"05/06/2020",9632,6.28999996185303,6.28999996185303,0,1.51999998092651,0.540000021457672,4.23000001907349,0,21,9,229,761,1916,1,400,434
"262",5553957443,"05/07/2020",1868,1.22000002861023,1.22000002861023,0,0,0,1.22000002861023,0,0,0,96,902,1494,1,442,470
"263",5553957443,"05/08/2020",6083,4,4,0,0.219999998807907,0.469999998807907,3.29999995231628,0,3,8,210,505,1762,1,568,608
"264",5553957443,"05/09/2020",11611,7.57999992370605,7.57999992370605,0,2.13000011444092,0.889999985694885,4.55999994277954,0,59,22,251,667,2272,1,453,494
"265",5553957443,"05/10/2020",16358,10.710000038147,10.710000038147,0,3.86999988555908,1.61000001430511,5.19999980926514,0,61,40,265,707,2335,1,418,443
"266",5553957443,"05/11/2020",4926,3.22000002861023,3.22000002861023,0,0,0,3.22000002861023,0,0,0,195,628,1693,1,463,486
"267",5553957443,"05/12/2020",3121,2.03999996185303,2.03999996185303,0,0.579999983310699,0.400000005960464,1.05999994277954,0,8,6,48,222,741,1,438,475
"268",5577150313,"04/12/2020",8135,6.07999992370605,6.07999992370605,0,3.59999990463257,0.379999995231628,2.09999990463257,0,86,16,140,728,3405,1,419,438
"269",5577150313,"04/13/2020",5077,3.78999996185303,3.78999996185303,0,0.319999992847443,0.219999998807907,3.25,0,15,11,144,776,2551,1,432,458
"270",5577150313,"04/14/2020",8596,6.42000007629395,6.42000007629395,0,3.32999992370605,0.310000002384186,2.77999997138977,0,118,30,176,662,4022,1,477,497
"271",5577150313,"04/15/2020",12087,9.07999992370605,9.07999992370605,0,3.92000007629395,1.60000002384186,3.55999994277954,0,115,54,199,695,4005,1,392,413
"272",5577150313,"04/16/2020",14269,10.6599998474121,10.6599998474121,0,6.6399998664856,1.27999997138977,2.73000001907349,0,184,56,158,472,4274,1,406,445
"273",5577150313,"04/17/2020",12231,9.14000034332275,9.14000034332275,0,5.98000001907349,0.829999983310699,2.3199999332428,0,200,37,159,525,4552,1,549,583
"274",5577150313,"04/18/2020",9893,7.3899998664856,7.3899998664856,0,4.8600001335144,0.720000028610229,1.82000005245209,0,114,32,130,623,3625,1,527,553
"275",5577150313,"04/19/2020",12574,9.42000007629395,9.42000007629395,0,7.01999998092651,0.639999985694885,1.75999999046326,0,108,23,111,733,3501,1,449,465
"276",5577150313,"04/20/2020",8330,6.21999979019165,6.21999979019165,0,4.11999988555908,0.340000003576279,1.75999999046326,0,87,16,113,773,3192,1,447,480
"277",5577150313,"04/21/2020",10830,8.09000015258789,8.09000015258789,0,3.65000009536743,1.6599999666214,2.77999997138977,0,110,74,175,670,4018,1,414,437
"278",5577150313,"04/22/2020",9172,6.84999990463257,6.84999990463257,0,2.42000007629395,0.790000021457672,3.29999995231628,0,62,30,200,823,3329,1,338,366
"279",5577150313,"04/23/2020",7638,5.71000003814697,5.71000003814697,0,1.21000003814697,0.360000014305115,4.1399998664856,0,24,24,223,627,3152,1,384,402
"280",5577150313,"04/24/2020",15764,11.7799997329712,11.7799997329712,0,7.65000009536743,2.15000009536743,1.98000001907349,0,210,65,141,425,4392,1,543,615
"281",5577150313,"04/25/2020",6393,4.78000020980835,4.78000020980835,0,1.35000002384186,0.670000016689301,2.75999999046326,0,61,38,214,743,3374,1,421,461
"282",5577150313,"04/26/2020",5325,3.98000001907349,3.98000001907349,0,0.850000023841858,0.649999976158142,2.47000002861023,0,38,32,181,759,3088,1,354,377
"283",5577150313,"04/27/2020",6805,5.1399998664856,5.1399998664856,0,1.80999994277954,0.400000005960464,2.9300000667572,0,63,16,190,773,3294,1,424,452
"284",5577150313,"04/28/2020",9841,7.42999982833862,7.42999982833862,0,3.25,1.16999995708466,3.00999999046326,0,99,51,141,692,3580,1,361,372
"285",5577150313,"04/29/2020",7924,5.92000007629395,5.92000007629395,0,2.83999991416931,0.610000014305115,2.47000002861023,0,97,36,165,739,3544,1,459,485
"286",5577150313,"04/30/2020",12363,9.23999977111816,9.23999977111816,0,5.82999992370605,0.790000021457672,2.60999989509583,0,207,45,163,621,4501,1,412,433
"287",5577150313,"05/01/2020",13368,9.98999977111816,9.98999977111816,0,5.30999994277954,1.44000005722046,3.24000000953674,0,194,72,178,499,4546,1,379,398
"288",5577150313,"05/02/2020",7439,5.55999994277954,5.55999994277954,0,1.12000000476837,0.349999994039536,4.07000017166138,0,37,20,235,732,3014,2,525,553
"289",5577150313,"05/03/2020",11045,8.25,8.25,0,4.51999998092651,0.150000005960464,3.5699999332428,0,97,8,212,580,3795,1,508,543
"290",5577150313,"05/04/2020",5206,3.89000010490417,3.89000010490417,0,1.55999994277954,0.25,2.07999992370605,0,25,9,141,631,2755,1,603,634
"291",5577150313,"05/05/2020",7550,5.6399998664856,5.6399998664856,0,2.5,0.469999998807907,2.67000007629395,0,45,21,143,1153,3004,1,74,78
"292",5577150313,"05/10/2020",8869,6.65000009536743,6.65000009536743,0,2.55999994277954,0.75,3.34999990463257,0,104,37,194,639,3841,1,504,562
"293",5577150313,"05/11/2020",4038,3.03999996185303,3.03999996185303,0,1.83000004291534,0.300000011920929,0.889999985694885,0,45,15,63,257,1665,1,431,476
"294",6117666160,"04/16/2020",14450,10.9099998474121,10.9099998474121,0,0.579999983310699,0.850000023841858,9.47999954223633,0,7,15,518,502,2828,1,380,398
"295",6117666160,"04/17/2020",7150,5.40000009536743,5.40000009536743,0,0,0,5.40000009536743,0,0,0,312,702,2225,2,336,350
"296",6117666160,"04/18/2020",5153,3.91000008583069,3.91000008583069,0,0,0,3.89000010490417,0,0,0,241,759,2018,2,493,510
"297",6117666160,"04/19/2020",11135,8.40999984741211,8.40999984741211,0,0,0,8.40999984741211,0,0,0,480,425,2606,1,465,492
"298",6117666160,"04/20/2020",10449,8.02000045776367,8.02000045776367,0,2.02999997138977,0.479999989271164,5.51999998092651,0,26,10,349,587,2536,1,474,502
"299",6117666160,"04/21/2020",19542,15.0100002288818,15.0100002288818,0,0.980000019073486,0.400000005960464,5.61999988555908,0,11,19,294,579,4900,1,508,550
"300",6117666160,"04/22/2020",8206,6.19999980926514,6.19999980926514,0,0,0,6.19999980926514,0,0,0,402,413,2409,1,480,546
"301",6117666160,"04/23/2020",11495,8.68000030517578,8.68000030517578,0,0,0,8.68000030517578,0,0,0,512,468,2651,1,492,539
"302",6117666160,"04/24/2020",7623,5.76000022888184,5.76000022888184,0,0,0,5.76000022888184,0,0,0,362,711,2305,1,353,367
"303",6117666160,"04/27/2020",9411,7.1100001335144,7.1100001335144,0,0,0,7.1100001335144,0,0,0,458,417,2576,1,542,557
"304",6117666160,"04/28/2020",3403,2.59999990463257,2.59999990463257,0,0,0,2.59999990463257,0,0,0,141,758,1879,1,393,416
"305",6117666160,"04/29/2020",9592,7.23999977111816,7.23999977111816,0,0,0,7.23999977111816,0,0,0,461,479,2560,1,600,636
"306",6117666160,"05/01/2020",8915,6.73000001907349,6.73000001907349,0,0,0,6.73000001907349,0,0,0,397,525,2361,1,507,575
"307",6117666160,"05/05/2020",9799,7.40000009536743,7.40000009536743,0,0,0,7.40000009536743,0,0,0,487,479,2636,1,392,415
"308",6117666160,"05/06/2020",3365,2.6800000667572,2.6800000667572,0,0,0,2.6800000667572,0,0,0,133,673,1838,2,658,698
"309",6117666160,"05/07/2020",7336,5.53999996185303,5.53999996185303,0,0,0,5.53999996185303,0,0,0,412,456,2469,2,498,507
"310",6117666160,"05/08/2020",7328,5.53000020980835,5.53000020980835,0,0,0,5.53000020980835,0,0,0,318,517,2250,1,555,603
"311",6117666160,"05/09/2020",4477,3.38000011444092,3.38000011444092,0,0,0,3.38000011444092,0,0,0,197,125,1248,1,492,522
"312",6775888955,"04/13/2020",4053,2.91000008583069,2.91000008583069,0,1.11000001430511,0.579999983310699,1.22000002861023,0,17,18,85,1053,2400,1,235,260
"313",6775888955,"04/14/2020",5162,3.70000004768372,3.70000004768372,0,0.870000004768372,0.860000014305115,1.97000002861023,0,14,24,105,863,2507,1,423,441
"314",6775888955,"04/15/2020",1282,0.920000016689301,0.920000016689301,0,0,0,0.920000016689301,0,0,0,58,976,2127,1,391,406
"315",6962181067,"04/12/2020",10199,6.73999977111816,6.73999977111816,0,3.40000009536743,0.829999983310699,2.50999999046326,0,50,14,189,796,1994,1,366,387
"316",6962181067,"04/12/2020",5893,3.90000009536743,3.90000009536743,0,2.88000011444092,0.560000002384186,0.46000000834465,0,43,9,48,146,917,1,366,387
"317",6962181067,"04/13/2020",5652,3.74000000953674,3.74000000953674,0,0.569999992847443,1.21000003814697,1.96000003814697,0,8,24,142,548,1718,3,630,679
"318",6962181067,"04/14/2020",1551,1.02999997138977,1.02999997138977,0,0,0,1.02999997138977,0,0,0,86,862,1466,2,508,535
"319",6962181067,"04/15/2020",5563,3.6800000667572,3.6800000667572,0,0,0,3.6800000667572,0,0,0,217,837,1756,1,370,386
"320",6962181067,"04/16/2020",13217,8.73999977111816,8.73999977111816,0,3.66000008583069,0.189999997615814,4.88000011444092,0,50,3,280,741,2173,1,357,366
"321",6962181067,"04/17/2020",10145,6.71000003814697,6.71000003814697,0,0.330000013113022,0.680000007152557,5.69000005722046,0,5,13,295,634,2027,1,427,446
"322",6962181067,"04/18/2020",11404,7.53999996185303,7.53999996185303,0,0.829999983310699,2.39000010490417,4.32000017166138,0,13,42,238,689,2039,1,442,458
"323",6962181067,"04/19/2020",10742,7.09999990463257,7.09999990463257,0,2.09999990463257,2.13000011444092,2.86999988555908,0,35,41,195,659,2046,1,476,535
"324",6962181067,"04/20/2020",13928,9.55000019073486,9.55000019073486,0,4.28000020980835,0.189999997615814,5.09000015258789,0,48,4,297,639,2174,1,418,424
"325",6962181067,"04/21/2020",11835,9.71000003814697,7.88000011444092,4.08169221878052,3.99000000953674,2.09999990463257,3.50999999046326,0.109999999403954,53,27,214,708,2179,1,451,457
"326",6962181067,"04/22/2020",10725,7.09000015258789,7.09000015258789,0,1.76999998092651,1.54999995231628,3.76999998092651,0,30,33,240,659,2086,1,425,435
"327",6962181067,"04/23/2020",20031,13.2399997711182,13.2399997711182,0,4.19999980926514,2,7.03999996185303,0,58,41,347,484,2571,1,528,546
"328",6962181067,"04/24/2020",5029,3.3199999332428,3.3199999332428,0,0,0,3.3199999332428,0,0,0,199,720,1705,1,511,514
"329",6962181067,"04/25/2020",13239,9.27000045776367,9.07999992370605,2.78517508506775,3.01999998092651,1.67999994754791,4.46000003814697,0.100000001490116,35,31,282,637,2194,1,400,415
"330",6962181067,"04/26/2020",10433,6.90000009536743,6.90000009536743,0,2.57999992370605,0.419999986886978,3.90000009536743,0,36,7,254,680,2012,1,441,446
"331",6962181067,"04/27/2020",10320,6.82000017166138,6.82000017166138,0,0.550000011920929,2.01999998092651,4.25,0,7,38,279,697,2034,1,455,467
"332",6962181067,"04/28/2020",12627,8.35000038146973,8.35000038146973,0,2.50999999046326,0.239999994635582,5.59000015258789,0,38,8,288,621,2182,1,440,453
"333",6962181067,"04/29/2020",10762,7.1100001335144,7.1100001335144,0,0.819999992847443,0.479999989271164,5.80999994277954,0,12,15,369,645,2254,1,433,447
"334",6962181067,"04/30/2020",10081,6.65999984741211,6.65999984741211,0,2.24000000953674,0.759999990463257,3.67000007629395,0,32,16,237,731,2002,1,422,424
"335",6962181067,"05/01/2020",5454,3.60999989509583,3.60999989509583,0,0,0,3.60999989509583,0,0,0,215,722,1740,1,411,426
"336",6962181067,"05/02/2020",12912,8.53999996185303,8.53999996185303,0,1.20000004768372,2,5.34000015258789,0,18,39,313,655,2162,1,466,482
"337",6962181067,"05/03/2020",12109,8.11999988555908,8.11999988555908,0,1.74000000953674,2.03999996185303,4.32999992370605,0,21,36,267,654,2072,1,394,418
"338",6962181067,"05/04/2020",10147,6.71000003814697,6.71000003814697,0,0.469999998807907,1.67999994754791,4.55000019073486,0,15,36,284,683,2086,1,442,455
"339",6962181067,"05/05/2020",10524,6.96000003814697,6.96000003814697,0,0.990000009536743,1.1599999666214,4.80999994277954,0,14,22,305,591,2066,1,467,491
"340",6962181067,"05/06/2020",5908,3.91000008583069,3.91000008583069,0,0,0,3.91000008583069,0,0,0,299,717,1850,1,443,462
"341",6962181067,"05/07/2020",6815,4.5,4.5,0,0,0,4.5,0,0,0,328,745,1947,1,298,334
"342",6962181067,"05/08/2020",4188,2.76999998092651,2.76999998092651,0,0,0.519999980926514,2.25,0,0,14,151,709,1659,1,541,569
"343",6962181067,"05/09/2020",12342,8.72000026702881,8.68000030517578,3.16782188415527,3.90000009536743,1.17999994754791,3.65000009536743,0,43,21,231,607,2105,1,489,497
"344",6962181067,"05/10/2020",15448,10.210000038147,10.210000038147,0,3.47000002861023,1.75,4.98999977111816,0,62,34,275,626,2361,1,469,481
"345",6962181067,"05/11/2020",6722,4.44000005722046,4.44000005722046,0,1.49000000953674,0.310000002384186,2.65000009536743,0,24,7,199,709,1855,1,452,480
"346",6962181067,"05/12/2020",3587,2.36999988555908,2.36999988555908,0,0,0.25,2.10999989509583,0,0,8,105,127,928,1,516,535
"347",7007744171,"04/16/2020",4631,3.09999990463257,3.09999990463257,0,0,0,3.09999990463257,0,0,0,203,1155,2076,1,79,82
"348",7007744171,"05/01/2020",5600,3.75,3.75,0,0,0,3.75,0,0,0,237,1142,2225,1,58,61
"349",7086361926,"04/12/2020",430,0.259999990463257,0.259999990463257,0,0,0,0.259999990463257,0,0,0,14,75,625,1,514,525
"350",7086361926,"04/12/2020",11317,8.40999984741211,8.40999984741211,0,5.26999998092651,0.150000005960464,2.97000002861023,0,59,6,153,745,2772,1,514,525
"351",7086361926,"04/13/2020",5813,3.61999988555908,3.61999988555908,0,0.560000002384186,0.209999993443489,2.83999991416931,0,31,26,155,744,2516,1,451,465
"352",7086361926,"04/14/2020",9123,6.11999988555908,6.11999988555908,0,2.02999997138977,0.330000013113022,3.66000008583069,0,35,32,189,787,2734,1,472,476
"353",7086361926,"04/15/2020",8585,5.67000007629395,5.67000007629395,0,2.03999996185303,1.11000001430511,2.52999997138977,0,30,21,139,864,2395,1,377,386
"354",7086361926,"04/19/2020",10688,7.28999996185303,7.28999996185303,0,3.52999997138977,1.23000001907349,2.50999999046326,0,67,69,124,671,2944,1,472,483
"355",7086361926,"04/20/2020",14365,10.6400003433228,10.6400003433228,0,7.6399998664856,0.449999988079071,2.53999996185303,0,87,13,145,797,2997,1,492,502
"356",7086361926,"04/21/2020",9469,6.17999982833862,6.17999982833862,0,1.36000001430511,0.300000011920929,4.51000022888184,0,19,6,206,758,2463,1,390,411
"357",7086361926,"04/22/2020",9753,6.53000020980835,6.53000020980835,0,2.86999988555908,0.970000028610229,2.67000007629395,0,58,59,153,762,2846,1,428,448
"358",7086361926,"04/24/2020",3520,2.16000008583069,2.16000008583069,0,0,0,2.15000009536743,0,0,0,125,566,2049,1,681,704
"359",7086361926,"04/25/2020",10091,6.82000017166138,6.82000017166138,0,3.75,0.699999988079071,2.36999988555908,0,69,39,129,706,2752,1,446,447
"360",7086361926,"04/26/2020",10387,7.07000017166138,7.07000017166138,0,4.15999984741211,0.769999980926514,2.11999988555908,0,70,33,132,726,2781,1,485,500
"361",7086361926,"04/27/2020",11107,8.34000015258789,8.34000015258789,0,5.63000011444092,0.180000007152557,2.52999997138977,0,55,6,145,829,2693,1,469,479
"362",7086361926,"04/28/2020",11584,7.80000019073486,7.80000019073486,0,2.78999996185303,1.63999998569489,3.35999989509583,0,54,48,161,810,2862,1,354,367
"363",7086361926,"04/30/2020",14560,9.40999984741211,9.40999984741211,0,3.11999988555908,1.03999996185303,5.23999977111816,0,42,17,308,584,2995,1,485,489
"364",7086361926,"05/01/2020",12390,8.06999969482422,8.06999969482422,0,2.29999995231628,0.899999976158142,4.84999990463257,0,30,15,258,685,2730,1,388,407
"365",7086361926,"05/02/2020",10052,6.80999994277954,6.80999994277954,0,3.48000001907349,0.660000026226044,2.66000008583069,0,66,26,139,737,2754,1,440,459
"366",7086361926,"05/03/2020",10288,6.76000022888184,6.76000022888184,0,2.74000000953674,0.850000023841858,3.16000008583069,0,57,36,152,761,2754,1,456,461
"367",7086361926,"05/04/2020",10988,8.3100004196167,8.3100004196167,0,5.28000020980835,0.119999997317791,2.90000009536743,0,45,12,135,843,2655,1,420,436
"368",7086361926,"05/06/2020",12461,8.38000011444092,8.38000011444092,0,3.8199999332428,1.42999994754791,3.11999988555908,0,84,35,154,834,2924,1,322,333
"369",7086361926,"05/07/2020",12827,8.47999954223633,8.47999954223633,0,1.46000003814697,2.32999992370605,4.67999982833862,0,20,42,209,621,2739,1,530,548
"370",7086361926,"05/08/2020",10677,7.09999990463257,7.09999990463257,0,2.30999994277954,1.52999997138977,3.25,0,32,27,147,695,2534,1,481,510
"371",7086361926,"05/09/2020",13566,9.10999965667725,9.10999965667725,0,4.26000022888184,1.71000003814697,3.11999988555908,0,67,50,171,743,2960,1,427,438
"372",7086361926,"05/11/2020",9572,6.51999998092651,6.51999998092651,0,2.89000010490417,1.38999998569489,2.23000001907349,0,57,40,128,757,2735,1,451,463
"373",7086361926,"05/12/2020",3789,2.55999994277954,2.55999994277954,0,0.379999995231628,0.270000010728836,1.88999998569489,0,5,4,58,343,1199,1,444,457
"374",8053475328,"04/20/2020",15108,12.1899995803833,12.1899995803833,0,9.57999992370605,0.230000004172325,2.38000011444092,0,89,5,158,695,3043,1,486,493
"375",8053475328,"04/23/2020",22359,17.1900005340576,17.1900005340576,0,12.539999961853,0.629999995231628,4.01999998092651,0,125,14,223,741,3554,1,331,337
"376",8053475328,"05/07/2020",19769,15.6700000762939,15.6700000762939,0,12.4399995803833,0.879999995231628,2.34999990463257,0,121,20,148,1076,3331,1,74,75
"377",8378563200,"04/12/2020",7626,6.05000019073486,6.05000019073486,2.25308108329773,0.829999983310699,0.709999978542328,4.5,0,65,15,156,723,3635,1,338,356
"378",8378563200,"04/12/2020",3246,2.5699999332428,2.5699999332428,2.25308108329773,0.829999983310699,0.709999978542328,1.02999997138977,0,65,15,49,243,1882,1,338,356
"379",8378563200,"04/13/2020",12386,9.81999969482422,9.81999969482422,2.0921471118927,4.96000003814697,0.649999976158142,4.21000003814697,0,116,14,169,680,4079,2,447,487
"380",8378563200,"04/14/2020",13318,10.5600004196167,10.5600004196167,2.25308108329773,5.61999988555908,1.02999997138977,3.91000008583069,0,123,21,174,699,4163,1,424,455
"381",8378563200,"04/15/2020",14461,11.4700002670288,11.4700002670288,0,4.90999984741211,1.14999997615814,5.40999984741211,0,60,23,190,729,3666,1,513,533
"382",8378563200,"04/16/2020",11207,8.89000034332275,8.89000034332275,0,5.36999988555908,1.07000005245209,2.44000005722046,0,64,21,142,563,3363,2,611,689
"383",8378563200,"04/17/2020",2132,1.69000005722046,1.69000005722046,0,0,0,1.69000005722046,0,0,0,93,599,2572,2,525,591
"384",8378563200,"04/18/2020",13630,10.8100004196167,10.8100004196167,2.0921471118927,5.05000019073486,0.560000002384186,5.19999980926514,0,117,10,174,720,4157,1,398,451
"385",8378563200,"04/19/2020",13070,10.3599996566772,10.3599996566772,2.25308108329773,5.30000019073486,0.879999995231628,4.17999982833862,0,120,19,154,737,4092,1,387,421
"386",8378563200,"04/20/2020",9388,7.44000005722046,7.44000005722046,2.0921471118927,2.23000001907349,0.439999997615814,4.78000020980835,0,82,8,169,763,3787,1,381,409
"387",8378563200,"04/21/2020",15148,12.0100002288818,12.0100002288818,2.25308108329773,6.90000009536743,0.819999992847443,4.28999996185303,0,137,16,145,677,4236,1,396,417
"388",8378563200,"04/22/2020",12200,9.67000007629395,9.67000007629395,2.0921471118927,4.90999984741211,0.589999973773956,4.17999982833862,0,113,12,159,769,4044,1,441,469
"389",8378563200,"04/23/2020",5709,4.53000020980835,4.53000020980835,0,1.51999998092651,0.519999980926514,2.48000001907349,0,19,10,136,740,2908,1,565,591
"390",8378563200,"04/24/2020",3703,2.94000005722046,2.94000005722046,0,0,0,2.94000005722046,0,0,0,135,734,2741,1,458,492
"391",8378563200,"04/25/2020",12405,9.84000015258789,9.84000015258789,2.0921471118927,5.05000019073486,0.870000004768372,3.92000007629395,0,117,16,141,692,4005,1,388,402
"392",8378563200,"04/25/2020",12405,9.84000015258789,9.84000015258789,2.0921471118927,5.05000019073486,0.870000004768372,3.92000007629395,0,117,16,141,692,4005,1,388,402
"393",8378563200,"04/26/2020",16208,12.8500003814697,12.8500003814697,0,7.51000022888184,0.920000016689301,4.42000007629395,0,90,18,161,593,3763,1,550,584
"394",8378563200,"04/27/2020",7359,5.84000015258789,5.84000015258789,0,0.330000013113022,0.180000007152557,5.32999992370605,0,4,4,192,676,3061,1,531,600
"395",8378563200,"04/28/2020",5417,4.30000019073486,4.30000019073486,0,0.899999976158142,0.490000009536743,2.91000008583069,0,11,10,139,711,2884,1,506,556
"396",8378563200,"04/29/2020",6175,4.90000009536743,4.90000009536743,0,0.25,0.360000014305115,4.26999998092651,0,3,7,172,767,2982,1,527,562
"397",8378563200,"04/30/2020",2946,2.33999991416931,2.33999991416931,0,0,0,2.33999991416931,0,0,0,121,780,2660,1,468,555
"398",8378563200,"05/01/2020",11419,9.0600004196167,9.0600004196167,0,6.03000020980835,0.560000002384186,2.47000002861023,0,71,10,127,669,3369,1,475,539
"399",8378563200,"05/02/2020",6064,4.80999994277954,4.80999994277954,2.0921471118927,0.629999995231628,0.170000001788139,4.01000022888184,0,63,4,142,802,3491,1,351,385
"400",8378563200,"05/03/2020",8712,6.90999984741211,6.90999984741211,2.25308108329773,1.3400000333786,1.05999994277954,4.5,0,71,20,195,822,3784,1,405,429
"401",8378563200,"05/04/2020",7875,6.23999977111816,6.23999977111816,0,1.55999994277954,0.490000009536743,4.19999980926514,0,19,10,167,680,3110,1,441,477
"402",8378563200,"05/05/2020",8567,6.78999996185303,6.78999996185303,2.25308108329773,0.889999985694885,0.159999996423721,5.73999977111816,0,66,3,214,764,3783,1,381,417
"403",8378563200,"05/06/2020",7045,5.59000015258789,5.59000015258789,2.0921471118927,1.54999995231628,0.25,3.77999997138977,0,74,5,166,831,3644,1,323,355
"404",8378563200,"05/07/2020",4468,3.53999996185303,3.53999996185303,0,0,0,3.53999996185303,0,0,0,158,851,2799,2,459,513
"405",8378563200,"05/08/2020",2943,2.32999992370605,2.32999992370605,0,0,0,2.32999992370605,0,0,0,139,621,2685,1,545,606
"406",8378563200,"05/09/2020",8382,6.65000009536743,6.65000009536743,2.0921471118927,1.26999998092651,0.660000026226044,4.71999979019165,0,71,13,171,772,3721,1,359,399
"407",8378563200,"05/10/2020",6582,5.21999979019165,5.21999979019165,2.25308108329773,0.660000026226044,0.639999985694885,3.92000007629395,0,63,13,152,840,3586,1,342,391
"408",8378563200,"05/11/2020",9143,7.25,7.25,2.0921471118927,1.38999998569489,0.589999973773956,5.26999998092651,0,72,10,184,763,3788,1,368,387
"409",8378563200,"05/12/2020",4561,3.61999988555908,3.61999988555908,0,0.649999976158142,0.270000010728836,2.69000005722046,0,8,6,102,433,1976,1,496,546
"410",8792009665,"04/12/2020",2564,1.63999998569489,1.63999998569489,0,0,0,1.63999998569489,0,0,0,116,831,2044,1,458,493
"411",8792009665,"04/12/2020",20,0.00999999977648258,0.00999999977648258,0,0,0,0.00999999977648258,0,0,0,6,598,728,1,458,493
"412",8792009665,"04/13/2020",1320,0.839999973773956,0.839999973773956,0,0,0,0.839999973773956,0,0,0,82,806,1934,1,531,552
"413",8792009665,"04/14/2020",1219,0.779999971389771,0.779999971389771,0,0,0,0.779999971389771,0,0,0,84,853,1963,1,486,503
"414",8792009665,"04/15/2020",2483,1.5900000333786,1.5900000333786,0,0,0,1.5900000333786,0,0,0,126,937,2009,1,363,377
"415",8792009665,"04/20/2020",3147,2.00999999046326,2.00999999046326,0,0,0.280000001192093,1.74000000953674,0,0,10,139,744,2188,1,528,547
"416",8792009665,"04/22/2020",4068,2.59999990463257,2.59999990463257,0,0.0500000007450581,0.280000001192093,2.26999998092651,0,1,20,195,817,2419,1,391,407
"417",8792009665,"04/23/2020",5245,3.35999989509583,3.35999989509583,0,0.159999996423721,0.439999997615814,2.75,0,8,45,232,795,2748,1,339,360
"418",8792009665,"04/27/2020",1758,1.12999999523163,1.12999999523163,0,0,0,1.12999999523163,0,0,0,112,900,2067,1,423,428
"419",8792009665,"04/28/2020",6157,3.94000005722046,3.94000005722046,0,0,0,3.94000005722046,0,0,0,310,714,2780,1,402,416
"420",8792009665,"04/29/2020",8360,5.34999990463257,5.34999990463257,0,0.140000000596046,0.280000001192093,4.92999982833862,0,6,14,380,634,3101,1,398,406
"421",8792009665,"04/30/2020",7174,4.59000015258789,4.59000015258789,0,0.330000013113022,0.360000014305115,3.91000008583069,0,10,20,301,749,2896,1,343,360
"422",8792009665,"05/01/2020",1619,1.03999996185303,1.03999996185303,0,0,0,1.03999996185303,0,0,0,79,834,1962,1,503,527
"423",8792009665,"05/02/2020",1831,1.16999995708466,1.16999995708466,0,0,0,1.16999995708466,0,0,0,101,916,2015,1,415,423
"424",8792009665,"05/03/2020",2421,1.54999995231628,1.54999995231628,0,0,0,1.54999995231628,0,0,0,156,739,2297,1,516,545
"425",8792009665,"05/04/2020",2283,1.46000003814697,1.46000003814697,0,0,0,1.46000003814697,0,0,0,129,848,2067,1,439,463
